Data Types
0: 3.0811753720391213 0.5 2.3 5.85 8.428571428571429 2.092857142857143 0.14285714285714285 0.10714285714285714 0.03571428571428571 2.592857142857143 9.107142857142858 17.34285714285714 
1: 1.7036329253302893 0.25390625 3.838107638888889 0.1892361111111111 0.07465277777777778 0.020833333333333332 0.07682291666666667 0.6328125 0.08246527777777778 0.3611111111111111 5.474826388888889 4.856770833333333 
2: 2.377270717587439 0.005291005291005291 0.06349206349206349 0.91005291005291 9.507936507936508 0.15343915343915343 0.003527336860670194 0.021164021164021163 0.005291005291005291 0.1675485008818342 10.382716049382717 8.737213403880071 
3: 3.4967478861204704 0.0436241610738255 0.18791946308724833 1.1442953020134228 27.88255033557047 3.174496644295302 0.15436241610738255 0.0436241610738255 0.006711409395973154 0.48322147651006714 7.302013422818792 16.37248322147651 
4: 2.9808135717361504 0.8484848484848485 2.6493506493506493 1.0865800865800865 7.575757575757576 4.770562770562771 0.2857142857142857 0.683982683982684 0.030303030303030304 1.9567099567099566 1.5021645021645023 13.917748917748918 
5: 3.294101077713586 0.0 1.7747747747747749 21.207207207207208 0.3063063063063063 0.1981981981981982 0.009009009009009009 0.0 0.0 3.5495495495495497 26.144144144144143 8.54954954954955 
6: 3.361690019039254 0.0 0.8163265306122449 21.846938775510203 0.15306122448979592 4.826530612244898 0.10204081632653061 0.0 0.0 1.3979591836734695 3.520408163265306 7.153061224489796 
7: 2.495948623774937 0.09973753280839895 0.7086614173228346 1.5800524934383202 7.653543307086614 1.7401574803149606 0.11286089238845144 0.07874015748031496 0.03412073490813648 0.3438320209973753 2.643044619422572 9.976377952755906 
8: 2.584751653349141 0.012853470437017995 0.09511568123393316 1.0745501285347043 10.766066838046273 1.236503856041131 0.038560411311053984 0.02056555269922879 0.005141388174807198 0.11053984575835475 5.817480719794345 10.316195372750643 
9: 3.0700821086615315 0.0 0.3888888888888889 0.05555555555555555 20.333333333333332 0.05555555555555555 0.0 0.0 0.0 0.8333333333333334 21.5 4.916666666666667 
10: 3.4655451773109753 1.3373493975903614 7.192771084337349 3.1325301204819276 9.072289156626505 5.783132530120482 0.6024096385542169 0.9156626506024096 0.25301204819277107 4.325301204819277 4.289156626506024 20.08433734939759 
11: 2.9017949665105602 0.09004739336492891 1.1042654028436019 4.990521327014218 8.090047393364928 2.4549763033175354 0.3222748815165877 0.09004739336492891 0.052132701421800945 1.2464454976303319 4.090047393364929 14.635071090047393 
12: 3.7108878968223236 1.0 15.5 14.0 1.5 0.0 0.0 2.5 0.0 6.5 41.0 19.5 
13: 2.0914197683583344 0.4944029850746269 5.7835820895522385 0.17164179104477612 0.13619402985074627 0.016791044776119403 0.06436567164179105 0.894589552238806 0.009328358208955223 0.5690298507462687 8.095149253731343 6.098880597014926 
14: 3.7852906367552777 0.05263157894736842 0.35526315789473684 1.8421052631578947 36.94736842105263 3.6184210526315788 0.2894736842105263 0.039473684210526314 0.013157894736842105 1.0 14.157894736842104 20.07894736842105 
15: 3.0118192371191426 0.0 0.022653721682847898 20.148867313915858 0.025889967637540454 0.08737864077669903 0.0 0.003236245954692557 0.0 0.10679611650485436 20.12621359223301 4.313915857605178 
16: 3.6892808933146197 0.0 0.23076923076923078 38.53846153846154 0.6923076923076923 0.0 0.0 0.0 0.0 0.7692307692307693 40.23076923076923 5.6923076923076925 
17: 1.6295188382757888 0.04866412213740458 0.6183206106870229 0.9360687022900763 3.308206106870229 0.06297709923664122 0.0 0.01717557251908397 0.0 0.19561068702290077 5.072519083969466 4.947519083969466 
18: 2.413887358361667 1.951501154734411 5.346420323325635 2.9006928406466512 0.20323325635103925 0.03233256351039261 0.009237875288683603 0.18937644341801385 0.0 0.6397228637413395 11.152424942263279 8.722863741339491 
19: 1.8596284912912477 0.43870967741935485 2.32073732718894 0.24423963133640553 0.41013824884792627 1.6387096774193548 0.06267281105990784 0.2359447004608295 0.02119815668202765 1.1668202764976958 1.5852534562211982 5.376958525345622 
20: 3.6530687621256037 0.7 3.84 13.04 11.1 5.52 1.26 0.2 0.08 3.28 6.18 25.36 
21: 2.4413493663676453 0.7094717668488161 5.675774134790529 0.07832422586520947 0.11384335154826958 1.2222222222222223 0.07923497267759563 1.0828779599271403 0.3460837887067395 2.349726775956284 6.418032786885246 9.484517304189435 
22: 3.7132745361986523 0.0 0.0 0.5 40.5 0.0 0.0 0.0 0.0 0.0 41.0 4.5 
23: 3.61585894865504 1.1590909090909092 4.2272727272727275 2.6136363636363638 18.575757575757574 6.742424242424242 0.7121212121212122 0.6060606060606061 0.12121212121212122 2.8106060606060606 2.8636363636363638 21.272727272727273 
24: 2.6316158046947997 0.010135135135135136 0.14864864864864866 1.0743243243243243 12.179054054054054 0.20945945945945946 0.0033783783783783786 0.02702702702702703 0.006756756756756757 0.3277027027027027 13.33445945945946 10.72635135135135 
25: 2.1058172913368787 0.010344827586206896 0.1367816091954023 0.9321839080459771 6.7459770114942526 0.2620689655172414 0.006896551724137931 0.01264367816091954 0.005747126436781609 0.1793103448275862 7.568965517241379 7.1482758620689655 
26: 2.5794351269765547 0.28289473684210525 1.6019736842105263 4.940789473684211 2.539473684210526 1.674342105263158 0.1875 0.13815789473684212 0.023026315789473683 1.9769736842105263 5.177631578947368 11.338815789473685 
27: 3.027248804406526 0.01152073732718894 0.18663594470046083 1.3433179723502304 16.89400921658986 1.8502304147465438 0.0944700460829493 0.03225806451612903 0.0 0.3294930875576037 6.1728110599078345 13.778801843317972 
28: 3.8247352959836 0.005952380952380952 0.19047619047619047 1.3095238095238095 39.13095238095238 4.541666666666667 0.27976190476190477 0.017857142857142856 0.0 0.4107142857142857 7.392857142857143 18.261904761904763 
29: 2.9826201181827674 1.6666666666666667 7.55 0.37083333333333335 0.7083333333333334 3.495833333333333 0.3125 2.245833333333333 0.1375 3.625 4.375 12.3375 
30: 3.4379210628979027 0.014814814814814815 0.2740740740740741 1.8444444444444446 26.014814814814816 2.0592592592592593 0.2222222222222222 0.037037037037037035 0.0 0.8666666666666667 14.977777777777778 16.962962962962962 
31: 2.3550423629381294 0.779601406799531 6.420867526377491 0.09495896834701055 0.4536928487690504 0.035169988276670575 0.07502930832356389 1.3247362250879249 0.08089097303634232 1.3341148886283705 10.459554513481828 7.9120750293083235 
32: 2.818252181731557 1.4 4.610526315789474 7.168421052631579 1.3368421052631578 0.21052631578947367 0.031578947368421054 0.08421052631578947 0.0 2.1789473684210527 15.863157894736842 12.25263157894737 
33: 3.723097187052897 1.0729166666666667 5.552083333333333 5.9375 19.708333333333332 4.9375 0.4270833333333333 0.375 0.041666666666666664 3.5833333333333335 7.9375 26.260416666666668 
34: 3.2859065310573996 0.8571428571428571 8.74025974025974 2.25974025974026 8.363636363636363 2.5584415584415585 1.025974025974026 0.3246753246753247 0.012987012987012988 3.4025974025974026 9.012987012987013 15.74025974025974 
35: 2.902584638965967 0.6086956521739131 3.380434782608696 3.0434782608695654 8.33695652173913 0.22826086956521738 0.0 0.5108695652173914 0.0 2.380434782608696 17.32608695652174 14.358695652173912 
36: 3.5327137290493655 0.0 1.5555555555555556 0.0 29.666666666666668 0.0 0.0 0.0 0.0 3.111111111111111 34.333333333333336 7.0 
37: 2.59723442091917 0.0 0.25925925925925924 12.11111111111111 0.345679012345679 0.19753086419753085 0.0 0.024691358024691357 0.0 0.7407407407407407 12.839506172839506 7.839506172839506 
38: 3.502845370949899 0.7272727272727273 5.7272727272727275 3.0 17.363636363636363 0.0 0.2727272727272727 0.9090909090909091 0.0 5.545454545454546 33.54545454545455 20.0 
39: 2.0718413753009206 0.5808039376538146 3.3002461033634125 0.11566858080393766 0.07629204265791632 1.047579983593109 0.015586546349466776 0.4528301886792453 0.2838392124692371 2.1894995898277276 5.032813781788351 7.054963084495488 
40: 2.9295942178204624 0.017391304347826087 0.2 1.2782608695652173 16.08695652173913 0.23478260869565218 0.02608695652173913 0.05217391304347826 0.008695652173913044 0.9478260869565217 17.843478260869563 13.0 
41: 0.9425722346302723 0.10336081166772353 0.40773620798985416 1.3227647431832594 0.37412809131261887 0.13950538998097653 0.009511731135066582 0.053899809765377296 0.016487000634115408 0.2733037412809131 2.4280279010779964 2.5237793278376666 
42: 3.038930674021177 0.625 8.352272727272727 0.3522727272727273 0.3522727272727273 6.704545454545454 2.125 0.13636363636363635 0.09090909090909091 2.5681818181818183 1.6477272727272727 9.545454545454545 
43: 3.7503307270447013 0.0 0.3333333333333333 38.22222222222222 0.5555555555555556 1.9444444444444444 0.0 0.0 0.0 1.6666666666666667 20.88888888888889 8.11111111111111 
44: 3.7583328989783555 0.05855855855855856 0.7252252252252253 2.27027027027027 33.6981981981982 5.0 0.25675675675675674 0.07657657657657657 0.018018018018018018 0.9144144144144144 4.04054054054054 19.7027027027027 
45: 3.602446696917138 1.4 6.55 4.1 1.95 12.05 2.4 0.45 0.15 8.15 2.9 14.2 
46: 3.5132354324705988 0.35 2.85 18.55 5.25 0.6 0.0 0.0 0.0 6.25 29.85 16.6 
47: 1.886077100312541 0.154126213592233 1.5606796116504855 4.144417475728155 0.22330097087378642 0.08131067961165049 0.00849514563106796 0.014563106796116505 0.0024271844660194173 0.45145631067961167 6.483009708737864 6.031553398058253 
48: 3.2044932830333517 0.611764705882353 3.5647058823529414 10.6 3.235294117647059 3.447058823529412 1.1764705882352942 0.07058823529411765 0.011764705882352941 2.364705882352941 4.2 17.24705882352941 
49: 3.688942866485577 0.0 1.3636363636363635 31.954545454545453 0.5909090909090909 3.0454545454545454 0.3181818181818182 0.09090909090909091 0.0 2.8181818181818183 5.363636363636363 13.590909090909092 
50: 3.6254528189193778 0.03211009174311927 0.1834862385321101 1.2110091743119267 32.20183486238532 3.293577981651376 0.22018348623853212 0.03669724770642202 0.0045871559633027525 0.44495412844036697 9.623853211009175 17.142201834862384 
51: 1.643785671612597 1.651098901098901 2.1556776556776556 0.06913919413919414 0.027472527472527472 0.07967032967032966 0.03388278388278388 0.8470695970695971 0.042582417582417584 0.3649267399267399 5.066391941391942 4.371794871794871 
52: 3.292593872871069 0.3271604938271605 1.6111111111111112 6.080246913580247 13.148148148148149 3.432098765432099 0.4691358024691358 0.09876543209876543 0.037037037037037035 1.9382716049382716 4.660493827160494 19.22222222222222 
53: 3.3260815597649187 0.03125 0.46875 0.9375 23.53125 0.40625 0.03125 0.625 0.0 2.0625 25.40625 15.625 
54: 3.0593995606074174 0.9835390946502057 2.580246913580247 1.4444444444444444 11.246913580246913 2.7242798353909463 0.3168724279835391 0.4074074074074074 0.06172839506172839 1.7119341563786008 5.45679012345679 15.958847736625515 
55: 3.339686562406692 0.46078431372549017 1.7303921568627452 3.1666666666666665 18.25 2.784313725490196 0.12254901960784313 0.15196078431372548 0.03431372549019608 1.6911764705882353 9.22549019607843 19.274509803921568 
56: 1.5244653570627058 0.026056338028169014 0.7570422535211268 3.4690140845070423 0.10774647887323943 0.08873239436619719 0.008450704225352112 0.007042253521126761 0.0035211267605633804 0.17676056338028168 4.44225352112676 4.304929577464788 
57: 3.7582838258988054 0.3821138211382114 2.3821138211382116 4.008130081300813 27.32520325203252 5.9105691056910565 0.5121951219512195 0.21138211382113822 0.024390243902439025 2.2601626016260163 2.8048780487804876 23.56910569105691 
58: 3.528623596880633 0.1111111111111111 0.7777777777777778 3.536231884057971 24.231884057971016 3.893719806763285 0.23671497584541062 0.1111111111111111 0.028985507246376812 1.285024154589372 6.806763285024155 19.47826086956522 
59: 2.161477653451326 0.21641791044776118 1.123134328358209 1.5130597014925373 3.845149253731343 1.335820895522388 0.08768656716417911 0.09701492537313433 0.033582089552238806 0.5802238805970149 3.111940298507463 7.895522388059701 
60: 3.2387646822924534 0.17320261437908496 1.0784313725490196 2.127450980392157 17.72222222222222 3.287581699346405 0.16993464052287582 0.07516339869281045 0.05555555555555555 0.9673202614379085 2.761437908496732 16.535947712418302 
61: 2.2628573829284755 0.12012987012987013 1.1948051948051948 6.288961038961039 0.711038961038961 0.1331168831168831 0.025974025974025976 0.01948051948051948 0.006493506493506494 1.2597402597402598 9.165584415584416 8.253246753246753 
62: 2.26578452446339 3.2662721893491122 3.264792899408284 0.27662721893491127 0.10946745562130178 0.09319526627218935 0.023668639053254437 1.4763313609467457 0.013313609467455622 1.2292899408284024 9.3801775147929 6.171597633136095 
63: 3.5916498206439536 0.07692307692307693 0.46153846153846156 1.2307692307692308 29.153846153846153 0.0 0.0 2.0 0.0 3.6153846153846154 36.53846153846154 18.307692307692307 
64: 2.8883561740390618 1.1065573770491803 6.450819672131147 5.368852459016393 1.2377049180327868 1.5819672131147542 0.29508196721311475 0.27049180327868855 0.02459016393442623 1.9836065573770492 8.442622950819672 13.90983606557377 
65: 2.371097061566369 1.3519503546099292 4.495567375886525 0.047872340425531915 0.12411347517730496 1.8927304964539007 0.05851063829787234 1.679078014184397 0.02925531914893617 1.1462765957446808 3.720744680851064 7.460992907801418 
66: 2.448064245426961 0.5808823529411765 3.7720588235294117 0.40931372549019607 0.3553921568627451 3.5245098039215685 0.4803921568627451 0.28431372549019607 0.056372549019607844 2.2916666666666665 1.3700980392156863 7.867647058823529 
67: 2.672614769390604 0.0898876404494382 0.4943820224719101 2.9176029962546814 8.895131086142323 1.2846441947565543 0.052434456928838954 0.052434456928838954 0.00749063670411985 0.8014981273408239 8.41947565543071 12.382022471910112 
68: 3.2954134054881377 0.016722408026755852 0.12374581939799331 1.2474916387959867 23.046822742474916 2.1839464882943145 0.10702341137123746 0.016722408026755852 0.0 0.34448160535117056 9.692307692307692 15.491638795986622 
69: 2.9613645194356386 0.17415730337078653 0.8820224719101124 2.3146067415730336 13.213483146067416 1.5786516853932584 0.10674157303370786 0.06741573033707865 0.011235955056179775 1.1910112359550562 10.539325842696629 14.98314606741573 
70: 3.4477125950078698 0.2222222222222222 1.8333333333333333 12.222222222222221 11.222222222222221 2.111111111111111 0.16666666666666666 0.1111111111111111 0.0 4.166666666666667 18.72222222222222 20.833333333333332 
71: 3.2633505124060944 1.0638297872340425 3.276595744680851 1.5886524822695036 11.212765957446809 5.716312056737588 0.48226950354609927 0.6808510638297872 0.02127659574468085 2.397163120567376 1.5319148936170213 16.81560283687943 
72: 3.0500028451233567 0.025 0.7 17.125 1.6 0.25 0.175 0.15 0.0 1.425 19.425 12.375 
73: 2.2500059246642525 0.13131313131313133 1.101010101010101 5.207070707070707 0.5328282828282829 1.606060606060606 0.2727272727272727 0.03535353535353535 0.045454545454545456 0.7954545454545454 2.73989898989899 7.9393939393939394 
74: 3.2649051813618697 0.0 0.078125 25.96875 0.0 0.03125 0.0 0.0 0.0 0.1875 26.171875 4.203125 
75: 3.556321418055858 0.6206896551724138 4.9655172413793105 16.862068965517242 1.6896551724137931 5.172413793103448 0.7241379310344828 0.034482758620689655 0.0 5.586206896551724 5.482758620689655 17.93103448275862 
76: 2.439731600994261 0.4548872180451128 2.736842105263158 1.7030075187969924 4.714285714285714 0.06390977443609022 0.018796992481203006 0.08270676691729323 0.007518796992481203 1.8233082706766917 11.338345864661655 9.87593984962406 
77: 3.6577263675898997 2.8 13.914285714285715 8.542857142857143 2.857142857142857 4.742857142857143 0.9142857142857143 1.2857142857142858 0.14285714285714285 4.2 7.685714285714286 19.428571428571427 
78: 3.2568628594986633 0.006968641114982578 0.2508710801393728 1.156794425087108 21.550522648083625 2.5958188153310107 0.13937282229965156 0.020905923344947737 0.0 0.37630662020905925 5.86411149825784 14.522648083623693 
79: 3.069939264369826 0.0024630541871921183 0.06403940886699508 1.1970443349753694 18.598522167487683 1.458128078817734 0.04926108374384237 0.012315270935960592 0.0 0.24630541871921183 10.509852216748769 13.623152709359607 
80: 2.57759733164027 1.0190023752969122 5.30166270783848 0.2589073634204275 0.7838479809976246 2.133016627078385 0.15676959619952494 1.513064133016627 0.08076009501187649 2.111638954869359 1.8646080760095012 9.774346793349169 
81: 2.697528141463379 0.7431506849315068 2.8767123287671232 1.0684931506849316 6.1061643835616435 1.9897260273972603 0.2328767123287671 0.4383561643835616 0.07191780821917808 1.5787671232876712 5.280821917808219 12.36986301369863 
82: 2.8079935986249995 0.002380952380952381 0.02857142857142857 1.0809523809523809 14.202380952380953 1.2 0.02142857142857143 0.004761904761904762 0.002380952380952381 0.09285714285714286 8.157142857142857 11.638095238095238 
83: 2.7908016429125815 1.7494736842105263 7.903157894736842 0.12210526315789473 0.16842105263157894 0.7642105263157895 0.07578947368421053 2.536842105263158 0.05473684210526316 3.0610526315789475 12.286315789473685 10.955789473684211 
84: 3.5339650960844344 1.5333333333333334 10.033333333333333 4.333333333333333 10.366666666666667 2.8 0.5333333333333333 0.4 0.0 4.733333333333333 14.033333333333333 23.066666666666666 
85: 3.542684784541815 0.2033898305084746 4.677966101694915 21.322033898305083 0.3389830508474576 4.762711864406779 3.288135593220339 0.05084745762711865 0.0 0.5254237288135594 5.423728813559322 17.796610169491526 
86: 2.8932656857388652 0.11726384364820847 0.762214983713355 1.8566775244299674 12.224755700325733 2.3029315960912053 0.11400651465798045 0.06840390879478828 0.06188925081433225 0.7133550488599348 2.6449511400651464 13.319218241042345 
87: 3.064886986224887 1.728813559322034 12.745762711864407 0.7796610169491526 2.152542372881356 0.3050847457627119 0.3559322033898305 0.8813559322033898 0.06779661016949153 2.7288135593220337 20.305084745762713 12.525423728813559 
88: 3.4720043121877557 2.0 23.75 4.5 0.0 0.0 0.75 0.25 0.0 1.0 32.25 10.5 
89: 3.5505262150530603 0.16 2.28 27.0 1.16 0.24 0.4 0.0 0.0 3.84 33.32 11.56 
90: 1.3031324115460408 0.12869435091657314 2.7789001122334454 0.06995884773662552 0.03778526000748223 0.010849233071455293 0.033295922184811075 0.38009726898615787 0.0512532734754957 0.23194912083800973 3.696969696969697 3.3546576879910215 
91: 3.2418892800758248 1.7083333333333333 14.270833333333334 0.6875 0.5833333333333334 3.1666666666666665 0.5625 1.9375 0.16666666666666666 3.2291666666666665 6.729166666666667 12.3125 
92: 2.988727252204565 0.6068376068376068 4.094017094017094 4.188034188034188 3.3504273504273505 4.051282051282051 0.18803418803418803 0.3247863247863248 0.2564102564102564 3.1452991452991452 2.7094017094017095 14.675213675213675 
93: 2.9291250939375053 0.0718562874251497 1.970059880239521 11.730538922155688 0.7664670658682635 2.4730538922155687 1.2035928143712575 0.041916167664670656 0.011976047904191617 0.9041916167664671 4.802395209580839 11.694610778443113 
94: 2.057324563159739 1.0170876671619613 3.6344725111441307 0.9153046062407132 0.48959881129271915 0.029717682020802376 0.02600297176820208 0.7221396731054978 0.03566121842496285 0.9881129271916791 7.793462109955423 6.946508172362556 
95: 3.5667627196688287 0.18333333333333332 1.0583333333333333 7.908333333333333 19.816666666666666 4.533333333333333 0.6166666666666667 0.08333333333333333 0.008333333333333333 1.5083333333333333 4.983333333333333 21.441666666666666 
96: 3.68112363492019 0.6923076923076923 18.53846153846154 1.1538461538461537 1.0 11.615384615384615 5.153846153846154 0.0 0.0 1.9230769230769231 1.5384615384615385 12.153846153846153 
97: 3.5062883814877406 0.10837438423645321 1.1576354679802956 1.6699507389162562 25.43349753694581 3.896551724137931 0.1477832512315271 0.054187192118226604 0.03940886699507389 0.9408866995073891 1.9556650246305418 17.92118226600985 
98: 3.7376696182833684 0.0 0.0 0.0 40.0 2.0 0.0 0.0 0.0 0.0 29.0 5.0 
99: 3.7487493448682123 0.24539877300613497 1.2822085889570551 4.58282208588957 29.85276073619632 4.257668711656442 0.2147239263803681 0.15950920245398773 0.0 2.0061349693251533 9.28834355828221 22.766871165644172 
Column Types
0: 0.0 2.670931728745679E-4 1.124228574046127E-4 3.0514283031711386E-5 2.420604182804028E-5 2.420604182804028E-5 8.802197028378284E-6 1.1488736869768448E-4 3.405684841545145E-5 0.0 2.151648162492469E-5 2.420604182804028E-5 0.0 1.0697785576911536E-4 1.9364833462432225E-5 0.0 0.0 6.902822052205233E-4 1.223042113416772E-5 4.195772899918736E-4 0.0 1.6598777975617633E-4 0.0 2.420604182804028E-5 7.32520932462838E-5 5.262748542448904E-4 1.2506454944487476E-5 7.292876510136585E-5 0.0 2.6812846332598465E-5 1.7604394056756568E-5 3.692731229524413E-5 0.0 0.0 0.0 1.0758240812462345E-5 0.0 0.0 0.0 4.0957779459987613E-4 6.05151045701007E-6 0.9909024474286353 0.0 0.0 1.489602574033248E-5 2.420604182804028E-5 0.0 2.1379446688609392E-4 1.3832023901737302E-5 0.0 0.0 5.334220206762104E-4 3.3196857364169527E-5 0.0 1.489602574033248E-5 2.8003067997144634E-5 3.1981396932801294E-4 0.0 0.0 1.9416222507461447E-4 4.3570875290472505E-5 2.7664047803474603E-5 1.212324317118642E-4 1.9364833462432225E-5 2.4450547301050784E-5 1.323623792668537E-4 1.9156609446707145E-5 4.1810435884796845E-5 5.72561959084035E-5 2.229889913855832E-5 0.0 1.9364833462432225E-5 0.0 1.9295092165448675E-5 0.0 0.0 1.5038707979224553E-5 2.6895602031155863E-6 0.0 8.913388177035179E-5 1.7640842077578007E-5 6.991674303835419E-5 7.56584978876428E-5 1.7999252328761666E-4 1.5011498808086994E-6 0.0 4.894999569670367E-5 0.0 0.0 0.0 0.0031728854581512898 8.068680609346759E-6 2.87014495961049E-5 0.0 1.1763243708777071E-4 0.0 0.0 2.5550821929598073E-5 0.0 1.2909888974954814E-5 
1: 0.0 0.0 9.633911368015414E-4 0.0 0.0 0.0 0.0 0.0 0.0 0.0 0.0 0.0 0.0 0.0 0.0 0.0 0.0 0.0 0.0 0.0 0.0 0.0033718689788053945 0.0 0.0 0.0 0.0 0.0 0.0 0.0 0.001445086705202312 0.0 0.001445086705202312 0.0 0.0 0.0 0.0 0.0 0.0 0.0 0.0019267822736030828 0.0 0.0019267822736030828 0.0 0.0 0.0 0.0 0.0 0.0 0.0 0.0 0.0 4.816955684007707E-4 0.0 0.0 0.0 0.0 0.0 0.0 0.0 0.0 0.0 0.0 0.0 0.0 0.0 0.0019267822736030828 0.001445086705202312 0.0 0.0 0.0 0.0 0.001445086705202312 0.0 0.0 0.0 0.0 0.0 0.0 0.0 0.0 0.9797687861271674 0.0 0.0 0.0 0.0 0.0 0.0 0.0 0.0 0.0 0.0024084778420038534 0.0 0.001445086705202312 0.0 0.0 0.0 0.0 0.0 0.0 0.0 
2: 6.648936170212766E-4 3.324468085106383E-4 0.002763002364066194 0.0 0.0 0.0 0.0 1.3297872340425532E-4 0.0012337470449172577 0.0 0.0 4.432624113475177E-4 0.0 0.0 0.0 0.0 0.0 0.9643353824558933 3.324468085106383E-4 5.699088145896656E-4 0.0 0.0 0.0 0.0 2.955082742316785E-4 0.00794367442778697 0.0 2.2163120567375886E-4 0.0 6.648936170212766E-4 0.0 0.0 0.0 0.0 0.0 0.0 0.0 0.0 0.0 6.648936170212766E-4 0.0 0.009020316435086967 0.0 0.0 0.0 0.0 0.0 8.134226884226884E-4 0.0 0.0 0.0 6.648936170212766E-4 0.0 0.0 0.0 0.0 0.0012263879171982386 0.0 3.7993920972644377E-4 0.001519756838905775 4.432624113475177E-4 2.2163120567375885E-5 0.0 0.0 5.91016548463357E-5 0.0 0.0 0.0 3.5233678850700125E-4 0.0 0.0 6.648936170212766E-4 0.0 2.2163120567375886E-4 0.0 0.0 0.0 0.0 0.0 6.648936170212766E-4 0.0 1.5644555694618273E-4 0.0011081560283687944 0.0 0.0 7.123860182370821E-4 6.648936170212766E-4 0.0 0.0 0.0 0.0 0.0 0.0 4.1555851063829786E-5 6.648936170212766E-4 0.0 0.0 0.0 0.0 0.0 
3: 0.0 0.0 0.0 0.0 0.0 0.0 0.0 0.0 0.0 0.0 0.0 0.0 0.0 0.0 0.0 0.0 0.0 7.77363184079602E-4 0.0 0.0014386401326699834 0.0 6.218905472636816E-4 0.0 0.0 0.0 0.0 0.0 0.0 0.0 0.0 0.0 0.0 0.0 0.0 0.0 0.0 0.0 0.0 0.0 0.0 0.0 9.846600331674957E-4 0.0 0.0 0.0 0.0 0.0 1.554726368159204E-4 0.0 0.0 0.0 0.0 0.0 0.0 0.0 0.0 1.554726368159204E-4 0.0 0.0 0.0 0.0 0.0 0.0 0.0 0.0 0.9958665008291874 0.0 0.0 0.0 0.0 0.0 0.0 0.0 0.0 0.0 0.0 0.0 0.0 0.0 0.0 0.0 0.0 0.0 0.0 0.0 0.0 0.0 0.0 0.0 0.0 0.0 0.0 0.0 0.0 0.0 0.0 0.0 0.0 0.0 0.0 
4: 0.0 0.0012077294685990338 0.0 0.0 0.0 0.0 0.0 0.0 0.0 0.0 0.0 0.0 0.0 0.0 0.0 0.0 0.0 0.0 0.0 0.0 0.0 0.0012077294685990338 0.0 0.0 0.0 0.0 0.0 0.0 0.0 0.0 0.0 0.0 0.0 0.0 0.0 0.0 0.0 0.0 0.0 0.0012077294685990338 0.0 0.0024154589371980675 0.0 0.0 0.0 0.0 0.0 0.0 0.0 0.0 0.0 0.0 0.0 0.0 0.0 0.0 0.0 0.0 0.0 0.0 0.0 0.0 0.9903381642512077 0.0 0.0 0.0 0.0 0.0 0.0 0.0 0.0 0.0 0.0 0.0 0.0 0.0 0.0 0.0 0.0 0.0 0.0 0.0 0.0 0.0 0.0 0.0 0.0 0.0 0.0 0.0 0.0 0.0 0.0 0.0 0.0036231884057971015 0.0 0.0 0.0 0.0 0.0 
5: 0.0 0.0 8.19672131147541E-4 0.0 0.0 0.0 0.0 0.0 0.0 0.0 0.0 0.0 0.0 0.0 0.0 0.0 0.0 0.0 0.0 0.0 0.0 0.9951639344262296 0.0 0.0 0.0 3.278688524590164E-4 0.0 0.0 0.0 0.0 0.0 0.0 0.0 0.0 0.0 0.0 0.0 0.0 0.0 0.0012295081967213116 0.0 9.836065573770494E-4 0.0 0.0 0.0 0.0 0.0 0.0 0.0 0.0 0.0 0.0 0.0 0.0 0.0 0.0 0.0 0.0 0.0 0.0 0.0 0.0 8.19672131147541E-4 0.0 0.0 0.0 0.0 0.0 0.0 0.0 0.0 0.0 0.0 0.0 0.0 0.0 0.0 0.0 0.0 0.0 0.0 0.0 0.0 0.0 0.0 0.0 0.0 0.0 0.0 0.0 0.0 0.0 0.0 0.0 6.557377049180328E-4 0.0 0.0 0.0 0.0 0.0 
6: 0.0 0.0 0.0 0.0 0.0 0.020833333333333332 0.041666666666666664 0.0 0.0 0.0 0.0 0.0 0.0 0.0 0.0 0.013888888888888888 0.020833333333333332 0.006944444444444444 0.0 0.0 0.0 0.0 0.0 0.0 0.0 0.0 0.0 0.0 0.0 0.0 0.0 0.0 0.0 0.0 0.0 0.0 0.0 0.0 0.0 0.0 0.0 0.006944444444444444 0.0 0.0 0.0 0.0 0.0 0.0 0.0 0.0 0.0 0.0 0.0 0.0 0.0 0.0 0.0 0.0 0.0 0.0 0.0 0.0 0.0 0.0 0.0 0.0 0.0 0.0 0.0 0.0 0.0 0.0 0.0 0.0 0.8888888888888888 0.0 0.0 0.0 0.0 0.0 0.0 0.0 0.0 0.0 0.0 0.0 0.0 0.0 0.0 0.0 0.0 0.0 0.0 0.0 0.0 0.0 0.0 0.0 0.0 0.0 
7: 0.0 3.6310820624546115E-4 0.0016348059691712942 8.299616142753397E-4 0.0 0.0010893246187363833 0.0 8.169934640522876E-4 0.0016339869281045752 0.0 0.0 8.169934640522876E-4 0.0 0.0 0.0 0.0010893246187363833 0.0 0.011127491932445496 0.0 5.446623093681917E-4 0.0 0.0 0.0 0.0 0.0013616557734204792 0.0036566582381430297 0.002061935885465297 8.169934640522876E-4 0.0010893246187363833 0.0 8.169934640522876E-4 0.0 0.0 0.0 0.0 0.0 0.0 3.2679738562091506E-4 0.0 0.0 0.0 0.018428383643540918 0.0 0.0 0.0 0.0 0.0010893246187363833 0.0081664632619225 0.0 0.0 0.0 0.0 0.0 0.0 0.0 0.0 0.9290547486043093 0.0 0.0 3.0864197530864197E-4 0.0 0.0032781757353784304 0.0 0.0 0.0 0.0 0.0 0.0 3.6310820624546115E-4 4.084967320261438E-4 0.0010893246187363833 0.0 0.0 0.0015341321713870733 0.0 0.0 0.0 0.0 0.0 0.0 0.0 0.0 0.0 0.0 0.0 0.0 2.334267040149393E-4 0.0 0.0 8.169934640522876E-4 0.0024284567628220875 0.0 0.0 0.0010893246187363833 5.446623093681917E-4 0.0 0.0 0.0 0.0 0.0010893246187363833 
8: 0.0 0.0 0.005195184522084933 4.2301184433164127E-4 0.0 0.0 0.0 5.438723712835388E-4 0.0023869954072999757 0.0 0.0 4.935138183869148E-4 0.0 0.0 0.0 0.0 0.0 0.005033972317684522 2.3073373327180433E-4 4.2301184433164127E-4 0.0 0.0 0.0 0.0 0.0036721226942974202 0.9593706630109109 0.0 0.0014805414551607443 0.0 0.0 3.1725888324873094E-4 0.0 0.0 2.538071065989848E-4 6.345177664974619E-4 0.0 0.0 0.0 0.0 0.0 0.0 0.006481052452355748 0.0 0.0 3.1725888324873094E-4 0.0 0.0 0.0 0.0 0.0 2.538071065989848E-4 0.0 0.0 0.0 8.16338646955799E-4 4.2301184433164127E-4 0.0010786802030456853 7.050197405527354E-5 5.076142131979696E-4 0.0 2.1150592216582064E-4 6.345177664974619E-4 0.0 0.0 0.0 0.0 0.0 5.076142131979696E-4 0.0 9.970993473531545E-4 0.0 0.0 0.0 0.0 0.0 0.0 0.0 0.0 5.438723712835388E-4 0.0027104750529653486 0.0 5.076142131979696E-4 0.001692047377326565 8.460236886632825E-4 0.0 0.0 4.341437349719476E-4 0.0 0.0 0.0 0.0 0.0 0.0 0.0 0.0 5.076142131979696E-4 0.0 0.0 0.0 0.0 
9: 0.0 0.040713023747429515 0.0021545732554906867 0.001529051987767584 0.0 0.0 0.0 0.0019113149847094799 4.5871559633027525E-4 0.0 1.6680567139282736E-4 0.0 0.0 0.0041922004649980775 2.2935779816513763E-4 0.0 0.0 0.0019710870169585767 0.0 0.004587635665887151 3.058103975535168E-4 0.0 0.0 0.0 0.002477064220183486 0.0035956083851388762 0.0 0.0018654434250764524 0.0 0.002415902140672783 0.0 0.0034760448521916412 0.0 9.174311926605505E-4 0.0 0.0 0.0 0.0 0.0 8.73743993010048E-4 0.0 0.028840325103277678 0.001834862385321101 0.0 1.019367991845056E-4 0.0 0.0 0.005286151157710792 0.0 0.0 0.0021406727828746173 0.19370103944157613 4.5871559633027525E-4 0.0 0.0010703363914373086 0.0 0.004243539335282454 0.0 0.0 0.0014853647881170817 0.0 6.255212677231027E-4 5.252289191716627E-4 0.0 0.0 0.003516819571865443 0.001834862385321101 9.174311926605505E-4 0.0013761467889908258 0.0 0.0 0.0 6.116207951070336E-4 0.0022935779816513763 0.0 0.0 6.116207951070336E-4 0.0 0.0 2.2935779816513763E-4 0.0027522935779816515 0.002370030581039755 0.0 0.007339449541284404 0.0 3.058103975535168E-4 0.0 0.0 0.0 9.174311926605505E-4 0.6572329633616634 0.0 0.0 0.0 0.002618644082665305 0.0 0.0 9.174311926605505E-4 0.0 0.0 
10: 0.0032520325203252032 0.0 0.0 0.0 0.0 0.0 0.0 0.0 0.0 0.0 0.0 0.003484320557491289 0.0 0.0 0.0 0.0 0.0 0.0 0.0 0.0 0.0 0.0 0.0 0.0 0.0 0.0 0.0 0.0 0.0 0.0 0.0 0.0 0.0 0.0 0.0 0.0 0.0 0.0 0.0 0.0 0.0 0.013066202090592335 0.0 0.0 0.0 0.0 0.0 0.02032520325203252 0.012195121951219513 0.0 0.0 0.0 5.807200929152149E-4 0.0 8.710801393728223E-4 0.0 0.0 0.0 0.0 0.0 0.0 0.018292682926829267 0.0 0.0 0.9127924340467894 0.0 0.0 0.014269122283059564 0.0 0.0 0.0 0.0 0.0 0.0 0.0 0.0 0.0 0.0 0.0 0.0 0.0 0.0 0.0 0.0 0.0 0.0 0.0 0.0 0.0 0.0 0.0 0.0 0.0 0.0 0.0 0.0 0.0 0.0 0.0 8.710801393728223E-4 
11: 0.0 0.0 0.011666666666666665 0.0 0.0 0.0 0.0 0.0 0.0 0.0 0.0 0.0 0.0 0.0 0.0 0.0 0.0 0.0 0.0 0.0 0.0 0.0 0.0 0.0 0.0023809523809523807 0.004166666666666667 0.0 0.0 0.0 0.0 0.0 0.0 0.0 0.0 0.0 0.0 0.0 0.0 0.0 0.0 0.0 0.00486111111111111 0.0 0.0 0.0 0.0 0.0 0.0020833333333333333 0.0 0.0 0.0 0.0 0.0 0.0 0.0 0.0 0.0 0.0 0.0 0.0 0.0 0.0 0.0 0.0 0.0 0.0 0.0 0.0 0.0 0.0 0.0 0.0 0.0 0.0 0.0 0.0 0.9567857142857142 0.0 0.005555555555555555 0.0 0.0 0.008333333333333333 0.0 0.0 0.0 0.0 0.0 0.0 0.0 0.0 0.0 0.0 0.0 0.0 0.004166666666666667 0.0 0.0 0.0 0.0 0.0 
12: 4.29553264604811E-4 0.0011454753722794958 0.010889087227593231 0.0 0.002577319587628866 0.0 0.0 0.003092783505154639 0.004393158388003749 0.0 0.0 0.006013745704467353 0.0 0.0 0.0 0.0 0.0 0.005691580756013746 0.0 0.001718213058419244 0.0 0.0 0.0 0.0 0.001374570446735395 0.0027892640006042064 0.0 7.159221076746849E-5 0.0 0.0 0.0 0.0 0.0 0.0 0.0 0.0 0.0 0.0 0.0 0.0 0.0 0.015202300471474079 0.0 0.0 2.8636884306987396E-4 0.0 0.0 0.007903780068728522 0.0 0.0 0.0 5.727376861397479E-4 0.001718213058419244 0.0 0.0 0.0 0.0034077892325315006 0.0 0.001288659793814433 0.9001412845297753 4.29553264604811E-4 0.005670103092783506 0.0 0.0 0.0 0.0 0.0 5.727376861397479E-4 8.59106529209622E-4 5.72737686139748E-5 0.0 0.0 0.0 0.003768090181713267 0.0 0.0 0.0 0.0 0.0 0.0015860428231562252 0.0 0.006701030927835052 0.0026898216331206017 0.0 0.0 0.0 0.0 0.0 0.0 0.0 0.0030927835051546395 0.0 0.0 0.0 0.001288659793814433 0.002577319587628866 0.0 0.0 0.0 0.0 
13: 0.0 4.1050903119868636E-4 0.0 0.0 0.0 0.0 0.0 0.0 0.0 0.0 0.0 0.0 0.0 0.0 0.0 0.0 0.0 0.0 0.0 8.620689655172414E-4 0.0 0.0 0.0 0.0 0.0 0.0 0.0 0.0 0.0 0.0 0.0 0.0 0.0 0.0 0.0 0.0 0.0 0.0 0.0 0.0 0.0 0.01685823754789272 0.0 0.0 0.0 0.005747126436781609 0.0 0.0 0.0 0.0 0.0 0.006777960226236088 0.0 0.0 0.0 0.0 0.0 0.0 0.0 0.0 0.0 0.0 0.0 0.0 0.0 0.01053639846743295 0.9449233716475097 0.0 0.0 0.0 0.0 0.0 0.0 0.0 0.0 0.0 0.0 0.0 0.0 0.0 0.008620689655172414 0.0 0.0 0.0 0.0 0.0 0.0 0.0 0.0 0.0 0.0052636380222587115 0.0 0.0 0.0 0.0 0.0 0.0 0.0 0.0 0.0 
14: 0.0 0.0 0.06706122200584226 0.0 0.0 0.0 0.0 0.0031645569620253164 0.010038677918424754 0.0 0.0 0.0 0.0 0.0 0.0031645569620253164 0.0 0.0 0.008689973879847298 0.0 0.0 0.0 0.0 0.0 0.0 0.8070389623717062 0.018915762507534663 0.0 0.0053006329113924056 0.003322784810126582 0.0 2.5316455696202533E-4 0.0026371308016877636 0.0 0.0 0.0 0.0031645569620253164 0.0 0.0 0.0 0.0 0.004746835443037975 0.009124472573839661 8.438818565400844E-4 0.0 0.0 0.0 0.0 0.0 0.0 0.0 0.0012658227848101266 0.0 0.0031645569620253164 0.0 0.0 0.0 0.004598653807514566 0.0 0.006329113924050633 0.0 0.0 0.0 0.0 0.0 0.0 0.0 0.0010548523206751054 0.0 0.007233273056057866 7.032348804500703E-4 0.0 0.0 0.0031645569620253164 0.0031645569620253164 0.0 0.0 0.0 0.0 7.446016381236039E-4 0.00452833031946956 0.0 0.0 0.012977195097448262 0.0 0.0 0.0 7.032348804500703E-4 0.0 0.0 0.0 0.0 0.0 0.0 0.0 0.002109704641350211 7.911392405063291E-4 0.0 0.0 0.0 0.0 
15: 0.0 0.003917910447761195 0.0 0.0 0.0 0.0 0.0 0.0 0.0 0.0 0.0 0.0 0.0 9.328358208955224E-4 0.0 0.0 0.0 0.0015547263681592038 0.0 0.0 0.0 0.0 0.0 0.0 0.0 0.002798507462686567 0.0 0.0 0.0 0.0 0.0 7.462686567164179E-4 0.0 0.0 0.0 0.0 0.0 0.0 0.0 0.0 0.0 0.0018571913161465402 0.0 0.0 0.0 0.0 0.0 6.218905472636816E-4 0.0 0.0 0.0 4.145936981757877E-4 0.0 0.0 0.0 0.0 0.0 0.0 0.0 9.328358208955224E-4 0.0 0.0 0.0030161691542288558 0.0 0.0 0.0 0.0 0.0 0.0 0.0 0.0 0.0 0.0 0.0 0.0 0.0 0.0 0.0 0.0 0.0 0.0 0.0 0.0 0.0 0.0 0.0 0.0 0.0 0.0 0.0 3.7313432835820896E-4 0.0 0.0 0.0 0.9828339363787125 0.0 0.0 0.0 0.0 0.0 
16: 0.0 0.9772018370443499 0.0 0.0 0.0 0.0 0.0 0.0 0.0 0.0 0.0 0.0 0.0 0.003516238077991066 0.0 0.0 0.0 0.0 0.0 0.0 0.0 0.0 0.0 0.0 0.0 0.0 0.0 0.0 0.0 0.0 0.0 0.0011620185922974766 0.0 0.0 0.0 0.0 0.0 0.0 0.0 6.640106241699867E-4 0.0 0.0033556251185733253 0.0 0.0 0.0 0.0 0.0 9.9601593625498E-4 0.0 0.0 0.0 0.006479251825882545 0.0 0.0 0.0 0.0 0.0 0.0 0.0 0.0 0.0 0.0 0.0 0.0 0.0 0.0 0.0 0.0 0.0 0.0 0.0 0.0 0.0 0.0 0.0 0.0 0.0 0.0 0.0 0.0 0.0 0.0 0.0 0.0 0.0 0.0 0.0 0.0 0.0 0.0 0.005994192687519297 0.0 0.0 0.0 6.308100929614873E-4 0.0 0.0 0.0 0.0 0.0 
17: 2.515090543259557E-4 0.02092272370028055 0.0010042407719525752 0.0 0.0 0.0 0.0 1.3340915055550694E-4 6.498571199275425E-4 0.0 4.4014084507042255E-4 1.3237318648734512E-5 0.0 0.0029725042698429535 0.0 0.0 0.0 0.004292087793813876 4.71579476861167E-4 0.0027793665011008276 0.0 0.0033123444543435303 0.0 0.0 0.001007899247335867 0.0018267512822823537 8.802816901408451E-4 0.0 0.0 6.34555382980142E-4 0.0 0.004840314115108429 2.2007042253521127E-4 0.0 1.2575452716297785E-4 3.0354541039339474E-5 0.0 4.4014084507042255E-4 0.0 0.00596856407206527 0.0 0.4328631532809233 0.0 0.0 0.0 0.0 0.0 4.4148249531867023E-4 0.0 0.0 0.0 0.4250288155384446 6.287726358148893E-5 0.0 7.275055290420203E-6 6.185137138621201E-4 0.0019406098254258724 4.6393224210125616E-4 0.0 4.066607436828765E-4 6.602112676056338E-4 0.0 0.006308446002518734 0.0 5.477308294209702E-4 0.002369523517436165 6.075692055880989E-4 4.2756539235412475E-4 0.0 4.890453834115806E-4 0.0 0.0 0.0 0.0 0.0 0.0 0.0 0.0 8.150756390193001E-6 2.9342723004694836E-4 0.0023011863909211928 9.254601684179148E-4 3.810699445716444E-4 0.004823826518184895 0.0 0.0 0.0 9.291862284820031E-5 0.0 0.0 0.06221898518668531 0.0 0.0 0.0 0.0024938768425242616 0.0 0.0 0.0 0.0 0.0 
18: 0.0 0.03132595486111111 0.0013950892857142855 0.0 0.0 0.0 0.0 0.0 0.0 0.0 0.0 0.0 0.0 0.42568846199584565 0.0 0.0 0.0 0.010783110119047618 0.0 0.0020833333333333333 0.0 0.0 0.0 0.0 0.0 0.0019270833333333332 0.0 0.0 0.0 0.0 0.0 0.005208333333333333 0.0 0.0 0.0 0.0 0.0 0.00390625 0.0 0.0 0.0 0.4434826822455928 0.0 0.0 0.0 0.0 0.0 0.005208333333333333 0.0 0.0 0.0 0.006061197916666666 0.0 0.0 0.0 0.0 0.0 0.0 0.0 0.004043311403508772 0.0 0.0 0.0026041666666666665 0.0 0.00390625 0.005208333333333333 0.0 0.0 6.25E-4 0.0 0.0 0.0 0.0 0.0 0.0 0.0 0.0 0.0 0.0014204545454545455 0.0 0.0 0.0 0.0 6.510416666666666E-4 0.0 0.0 0.0 0.0 0.0 0.0 0.03776588346039173 6.510416666666666E-4 0.0 0.001953125 0.00390625 1.953125E-4 0.0 0.0 0.0 0.0 
19: 0.0 0.0 0.0 0.0 0.0 0.0 0.0 0.0 0.0 0.0 0.0 0.0 0.0 0.0 0.0 0.0 0.0 0.0 0.0 0.0 0.0 0.0025 0.0 0.0 0.0 0.0 0.0 0.0 0.0 0.9720833333333333 0.0 0.0 0.0 0.0 0.0 0.0 0.0 0.0 0.0 0.0 0.0 0.0020833333333333333 0.0 0.0 0.0 0.0 0.0 0.0 0.0 0.0 0.0 0.0 0.0 0.0 0.0 0.0 0.0 0.0 0.0 0.0 0.0 0.0 0.0 0.0 0.0 0.0 0.0 0.0 0.0 0.0 0.0 0.0 0.0 0.0 0.0 0.0 0.0 0.0 0.0 0.0 0.006666666666666666 0.0 0.0 0.0 0.0 0.0 0.0 0.0 0.0 0.0 0.003333333333333333 0.01 0.003333333333333333 0.0 0.0 0.0 0.0 0.0 0.0 0.0 
20: 0.0 0.0 8.19788993441688E-4 0.0 0.0 0.0 0.0 3.7425149700598805E-4 4.468674591116275E-5 0.0 0.0 4.565045732710404E-4 0.0 0.0 0.0 0.0 0.0 0.0012957314827455144 7.485029940119761E-4 0.9720300761637951 0.0 4.99001996007984E-4 0.0 0.0 0.0 0.0014622928056929618 0.0 0.0 0.0 0.0 0.0 0.0 0.0 0.0 3.7425149700598805E-4 0.0 0.0 0.0 0.0 0.002721515494356908 3.3266799733865603E-4 0.004194421323224693 4.104345421710691E-4 0.0 2.49500998003992E-4 0.0 0.0 0.0 0.0 0.0 0.0 8.55431993156544E-4 0.0 0.0 0.0 5.988023952095808E-4 4.7523999619808E-5 0.0 0.0 6.909258406264394E-4 3.7425149700598805E-4 0.0 0.0 0.0 0.0 0.002685105978519152 0.004739249457721508 5.50622892146741E-4 0.0 0.0 0.0 0.0 0.0 0.0 0.0 0.0 0.0 0.0 4.99001996007984E-4 0.0 0.0 0.0 0.0 0.0 0.0 0.0 0.0 0.0 0.0 0.0 0.0018642838546509466 0.0 0.0 0.0 3.3266799733865603E-4 0.0 7.485029940119761E-4 0.0 0.0 0.0 
21: 0.0 0.0 0.0065359477124183 0.0065359477124183 0.0 0.0 0.0 0.0 0.0 0.0 0.0 0.0 0.0 0.0 0.0 0.0 0.0 0.00326797385620915 0.0 0.0 0.0 0.0 0.0 0.0 0.0024509803921568627 0.0 0.0 0.025326797385620912 0.9084967320261438 0.0 0.0 0.0 0.0 0.0 0.0 0.0 0.0 0.0 0.0 0.0 0.0 0.0 0.0 0.0 0.0 0.0 0.0 0.0 0.0 0.0 0.00980392156862745 0.0 0.0196078431372549 0.0 0.0 0.0 0.00326797385620915 0.0 0.0 0.0 0.0 0.0 0.0 0.0 0.0 0.0 0.0 0.004901960784313725 0.0 0.0 0.0 0.0 0.0 0.0 0.0 0.0 0.0 0.0 0.0 0.004901960784313725 0.0 0.0 0.0024509803921568627 0.0 0.0 0.0 0.0024509803921568627 0.0 0.0 0.0 0.0 0.0 0.0 0.0 0.0 0.0 0.0 0.0 0.0 0.0 
22: 0.0 0.0 0.0 0.9479588394062078 0.0 0.0 0.0 0.0 0.0037955465587044533 0.0 0.0 0.0 0.0 0.0 0.003289473684210526 0.0 0.0 0.0 0.0 0.0 0.0 0.0 0.0 0.0 0.0 0.004934210526315789 0.0 0.0 0.003289473684210526 0.0 0.0 0.0 0.0 0.0 0.0 0.0 0.0 0.0 0.0 0.0 0.0 0.007675438596491227 0.0 0.0 0.0 0.0 0.0 0.0 0.0 0.0 0.006578947368421052 0.0 0.0 0.0 0.0 0.0 0.0 0.0 0.0 0.0 0.006578947368421052 0.0 0.0 0.0 0.0 0.0 0.0 0.0 0.0 8.223684210526315E-4 0.0 0.0 0.0 0.0 0.0 0.0 0.0 0.0 0.0 0.007675438596491227 0.0 0.0 8.223684210526315E-4 0.0 0.0 0.0 0.0 0.0 0.0 0.0 0.0 0.0 0.0 0.0 0.0 0.0 0.0 0.0 0.0 0.006578947368421052 
23: 0.0 0.0022465886939571147 0.0 0.0 0.0 0.0 0.0 0.0 0.0 0.0 0.0 0.0 0.0 0.005321637426900585 0.0 0.0 0.0 0.0 0.0038596491228070177 7.407407407407407E-4 0.0 0.007894736842105263 0.0 0.0 0.0 0.0 0.0 0.0 0.0 0.0 0.0 0.927266081871345 0.0 0.0 0.0 0.0 0.0 0.0 0.0 0.0 0.0 0.0036549707602339175 0.0 0.0 0.0 0.0 0.0 1.7543859649122808E-4 0.0 0.0 0.0 0.007231296632385561 0.0 0.0 0.0 0.0 0.0 0.0 0.0 0.0 0.0 0.0 0.005628654970760234 0.0 0.0 0.0017543859649122807 0.0 0.0 0.0 0.0 0.0 0.0 0.0 0.0017543859649122807 0.0 0.0 0.0 0.0 0.0 0.0 0.007894736842105263 0.0 0.0 0.01871345029239766 0.0 0.0 0.0 0.0 0.0 0.0 0.004064999663910734 0.0 0.0 0.0 0.0017982456140350875 0.0 0.0 0.0 0.0 0.0 
24: 0.0 0.0 0.0 0.0 0.0 0.0 0.0 0.0 0.0 0.0 0.0 0.0 0.0 0.0 0.0 0.0 0.0 0.0 0.0 0.0 0.0 0.0 0.0 0.0 0.0 0.0 0.0 0.0 0.0 0.0 0.0 0.0 0.0 0.0 0.0 0.0 0.0 0.0 0.0 0.0 0.0 0.0 0.0 0.0 0.0 0.0 0.0 0.0 0.0 0.0 0.0 0.0 0.0 0.0 0.0 0.0 0.0 0.0 0.0 0.0 0.0 0.0 0.0 0.0 0.0 0.0 0.0 0.0 0.0 0.0 0.0 0.0 0.0 0.0 0.0 1.0 0.0 0.0 0.0 0.0 0.0 0.0 0.0 0.0 0.0 0.0 0.0 0.0 0.0 0.0 0.0 0.0 0.0 0.0 0.0 0.0 0.0 0.0 0.0 0.0 
25: 0.0 0.0 0.0 0.0 0.0 0.0 0.0 0.0 0.0 0.0 0.0 0.0 0.0 0.0 0.0 0.0 0.0 0.0 0.0 0.0 0.0 0.0 0.0 0.0 0.0 0.0 1.0 0.0 0.0 0.0 0.0 0.0 0.0 0.0 0.0 0.0 0.0 0.0 0.0 0.0 0.0 0.0 0.0 0.0 0.0 0.0 0.0 0.0 0.0 0.0 0.0 0.0 0.0 0.0 0.0 0.0 0.0 0.0 0.0 0.0 0.0 0.0 0.0 0.0 0.0 0.0 0.0 0.0 0.0 0.0 0.0 0.0 0.0 0.0 0.0 0.0 0.0 0.0 0.0 0.0 0.0 0.0 0.0 0.0 0.0 0.0 0.0 0.0 0.0 0.0 0.0 0.0 0.0 0.0 0.0 0.0 0.0 0.0 0.0 0.0 
26: 0.0 0.0 0.0 0.0 0.0 0.0 0.0 0.0 0.0 0.0 0.007936507936507936 0.0 0.0 0.0 0.0 0.0 0.0 0.0 0.0 0.0 0.0 0.0 0.0 0.9523809523809523 0.0 0.0 0.0 0.0 0.0 0.0 0.0 0.0 0.0 0.011904761904761904 0.0 0.0 0.0 0.0 0.0 0.0 0.0 0.0 0.0 0.0 0.0 0.0 0.0 0.0 0.0 0.0 0.0 0.0 0.0 0.0 0.003968253968253968 0.0 0.0 0.011904761904761904 0.0 0.0 0.0 0.0 0.0 0.0 0.0 0.0 0.0 0.0 0.0 0.0 0.0 0.0 0.0 0.0 0.0 0.0 0.0 0.0 0.0 0.0 0.0 0.011904761904761904 0.0 0.0 0.0 0.0 0.0 0.0 0.0 0.0 0.0 0.0 0.0 0.0 0.0 0.0 0.0 0.0 0.0 0.0 
27: 0.0 0.0 0.0 0.0 0.0 0.0 0.0 0.0 0.0 0.0 0.0 0.0 0.0 0.0 0.0 1.0 0.0 0.0 0.0 0.0 0.0 0.0 0.0 0.0 0.0 0.0 0.0 0.0 0.0 0.0 0.0 0.0 0.0 0.0 0.0 0.0 0.0 0.0 0.0 0.0 0.0 0.0 0.0 0.0 0.0 0.0 0.0 0.0 0.0 0.0 0.0 0.0 0.0 0.0 0.0 0.0 0.0 0.0 0.0 0.0 0.0 0.0 0.0 0.0 0.0 0.0 0.0 0.0 0.0 0.0 0.0 0.0 0.0 0.0 0.0 0.0 0.0 0.0 0.0 0.0 0.0 0.0 0.0 0.0 0.0 0.0 0.0 0.0 0.0 0.0 0.0 0.0 0.0 0.0 0.0 0.0 0.0 0.0 0.0 0.0 
28: 0.0 0.0 0.0 0.0 0.0 0.0 0.0 0.0 0.0 0.0 0.0 0.0 0.0 0.0 0.0 0.0 0.0 0.0 0.0 0.0 0.0 0.0 0.0 0.0 0.0 0.00625 0.0 0.0 0.0 0.0 0.0 0.0 0.0 0.0 0.0 0.0 0.0 0.0 0.0 0.0 0.0 0.0 0.0 0.0 0.0 0.0 0.0 0.00625 0.0 0.0 0.0 0.0 0.0 0.0 0.0 0.0 0.0 0.0 0.0 0.0 0.0 0.0 0.0 0.0 0.0 0.0 0.0 0.0 0.0 0.0 0.0 0.0 0.0 0.0125 0.0 0.0 0.0 0.0 0.0 0.0 0.0 0.0 0.0 0.0 0.0 0.0 0.0 0.0 0.0 0.0 0.0 0.0 0.9666666666666668 0.0 0.0 0.0 0.0 0.0 0.0 0.008333333333333333 
29: 0.0 7.910140800506248E-4 0.0 0.0 0.0 0.0 0.0 0.0 0.0 0.0 0.0 0.0 0.0 0.0 0.0 0.0 0.0 0.0 0.0 0.0016899970359702285 0.0 0.002990033222591362 0.0 0.0 0.0 6.64451827242525E-4 8.305647840531562E-4 0.0 0.0 0.0 0.0 0.0 0.0 0.0 0.0 0.0 0.0 0.0 0.0 0.9866115638984811 0.0 0.004540420819490587 0.0 0.0 0.0 0.0 0.0 0.0 0.0 0.0 0.0 4.449454200284765E-4 0.0 0.0 0.0 0.0 0.0 0.0 0.0 0.0 0.0 0.0 0.0 0.0 0.0 0.0 0.0 0.0 0.0 0.0 0.0 0.0 0.0 0.0 0.0 0.0 0.0 0.0 0.0 0.0 0.0 0.0 0.0 8.305647840531562E-4 0.0 0.0 0.0 0.0 0.0 0.0 6.064441280388123E-4 0.0 0.0 0.0 0.0 0.0 0.0 0.0 0.0 0.0 
30: 0.0 0.0 0.0 0.0 0.0 0.0 0.0 0.0 0.0 0.0 0.008522727272727272 0.0 0.0 0.0 0.011363636363636364 0.0 0.0 0.0 0.0 0.0 0.0 0.0 0.0 0.0 0.0 0.0 0.0 0.0 0.0 0.0 0.0 0.0 0.0 0.0 0.0 0.0 0.0 0.0 0.0 0.0 0.0 0.007575757575757575 0.0 0.0 0.0 0.0 0.0 0.0 0.0 0.0 0.0 0.0 0.0 0.0 0.0 0.0 0.0 0.9498106060606062 0.0 0.0 0.005681818181818182 0.0 0.0 0.0 0.0 0.0 0.0 0.0 0.0 0.0 0.0 0.0 0.0 0.011363636363636364 0.0 0.0 0.0 0.0 0.0 0.0 0.0 0.0 0.0 0.0 0.0 0.0 0.0 0.0 0.0 0.0 0.0 0.0 0.0 0.0 0.0 0.0 0.0 0.005681818181818182 0.0 0.0 
31: 0.0 0.0 9.765625E-4 0.0 0.0 0.0 0.0 0.0 0.0 0.0 0.0 0.0 0.0 0.001953125 0.0 0.0 0.0 0.0 0.9471086090686275 0.0026041666666666665 4.5955882352941176E-4 0.0 0.0 0.0 0.0 9.765625E-4 0.0 4.5955882352941176E-4 0.0 0.0 0.0 0.0026041666666666665 0.006510416666666666 0.0 4.5955882352941176E-4 0.0 0.0 0.0 0.0 0.0 0.0 0.00935657429245283 0.0 0.0 0.0 0.0 0.0 0.003255208333333333 4.5955882352941176E-4 0.0 0.0 4.5955882352941176E-4 0.0 0.0 0.0 0.0 0.0026041666666666665 0.0 0.0 0.0 0.0 0.0 0.008685661764705883 0.0 0.0 0.0 0.0 0.0 0.0 9.765625E-4 0.0 0.0 0.0 0.00390625 0.0 0.0 0.0 6.510416666666666E-4 0.0 0.0 0.0 0.0 0.0029296875 0.0 0.0 0.0 0.0 0.0 0.0 0.0 3.439465408805031E-4 0.0 0.0 0.0 0.0022594975490196076 0.0 0.0 0.0 0.0 0.0 
32: 0.004010963936838638 0.009812809747810836 0.038052999683080534 0.010681335382775646 0.0030222246171187563 0.0022746748728739103 0.0026661599590280184 0.00913861251695682 0.02023302435376085 0.0012128235579563014 0.021265374988962905 0.008294561697777364 0.0014749262536873156 0.005687791152122535 0.003002483563807821 0.0010309470127011773 0.0014791645475197503 0.029680064009196132 0.008969777958854154 0.007253279328177592 0.017028486114285844 0.0022737234143865425 0.0029498525073746312 0.0026639632559333623 0.02267657306823958 0.04301280768521468 0.0025227557206893734 0.028627572991132333 0.0066569082626803285 0.002737696279567222 0.005817953252821334 0.006773743129414015 0.0020363618165026194 0.0016131584350679781 0.0018767889324316658 0.029280606642483737 0.003116500019154887 0.03811346471108958 0.003398690004319829 0.0010006009819164496 0.0034077778842849715 0.048030109479216335 0.02005811972041526 0.007540761262233083 0.006892838210964077 0.013458702064896756 0.013649931680905135 0.017709409575897193 0.034474411807767474 0.008285020453162047 0.00896505538685309 0.011738390536565276 0.0038215479974774563 0.010963642244524606 0.004217490187431524 0.004489979438899845 0.02231376029929372 0.003644073037027434 0.00834585171619241 0.014530036842917456 0.010774888177596812 0.0064343245808923255 0.0032359065469469415 0.005037913923005633 0.002802386980144322 0.002320906475370184 0.002158431081910053 0.009968079532489472 0.009305101980745729 0.008354084538554286 0.00520206195550017 0.002834561864917774 0.022670716307207163 0.007559469475627685 0.0011436727377575073 5.853196973162197E-4 0.006198818058757434 0.01059959413376849 0.01211123244661795 0.011419552249999835 0.004118293156997484 0.004203852399426963 0.02415186775453163 0.0023568960702791794 9.359330737532042E-4 0.025333614271667367 0.008676830778789583 0.0373615333613467 0.00446165191740413 0.010690597504756797 0.0200797137441327 0.0 0.0019321427225649154 0.003819626009364396 0.00785364886841862 0.0032402214533441246 0.007017073388754805 0.006354954500269283 0.0014749262536873156 0.005260483832746631 
33: 0.0 0.0 0.0 0.0 0.0 0.0 0.0 0.0 0.0017857142857142857 0.0 0.0 0.0 0.0 0.0 0.0 0.0 0.0 0.0 0.0 0.0 0.0 0.0 0.0 0.0 0.0 0.0024213075060532684 0.0 0.0 0.0 0.0 0.0017857142857142857 0.0 0.0 0.0 0.0 0.0 0.0 0.0 0.0 0.0 0.0 0.0 0.0 0.0 0.0 0.0 0.0 0.0 0.0 0.0 0.002040816326530612 0.0 0.0 0.0 0.0 0.0 0.0 0.0 0.0 0.0 0.0 0.0 0.0 0.0 0.0 0.0 0.0 0.0 0.0 0.0 0.0 0.0 0.0 0.0 0.0 0.0 0.0 0.0 0.0 0.9867510280948538 0.0 0.0 0.005215419501133786 0.0 0.0 0.0 0.0 0.0 0.0 0.0 0.0 0.0 0.0 0.0 0.0 0.0 0.0 0.0 0.0 0.0 
34: 0.0 0.0 0.030145530145530147 0.006756756756756757 0.006756756756756757 0.0 0.0 0.0 0.0 0.0 0.0 0.0 0.0 0.0 0.0 0.0 0.0 0.0022522522522522522 0.006756756756756757 0.004054054054054054 0.0 0.0 0.0 0.0 0.0045045045045045045 0.0022522522522522522 0.0 0.0 0.0 0.0 0.0 0.0 0.0 0.0 0.0 0.0 0.0 0.0 0.0 0.0 0.0 0.010152460152460152 0.0 0.0 0.006756756756756757 0.0 0.0 0.0 0.0 0.0 0.0 0.0 0.006756756756756757 0.0 0.006756756756756757 0.0 0.010135135135135136 0.0 0.0 0.016891891891891893 0.0 0.0 0.0 0.0 0.0 0.0 0.0 0.0 0.0 0.0 0.0 0.0 0.0 0.0 0.0 0.0 0.0 0.0 0.0 0.0045045045045045045 0.0 0.0 0.0 0.0 0.0 0.0 0.8678101178101176 0.0 0.0 0.0 0.0 0.0 0.0 0.006756756756756757 0.0 0.0 0.0 0.0 0.0 0.0 
35: 0.0 0.0 0.0 0.0 0.0 0.0 0.0 0.0 0.0 0.0 0.0 0.008620689655172414 0.0 0.0 0.0 0.0 0.0 0.0 0.0 0.0 0.008620689655172414 0.0 0.0 0.008620689655172414 0.0 0.0 0.0 0.0 0.0 0.0 0.0 0.0 0.0 0.0 0.0 0.0 0.0 0.0 0.0 0.0 0.0 0.0 0.008620689655172414 0.0 0.0 0.0 0.0 0.0 0.0 0.0 0.0 0.0 0.0 0.0 0.9202586206896551 0.008620689655172414 0.0 0.0 0.0 0.0 0.0 0.0 0.0 0.0 0.0 0.0 0.0 0.005747126436781609 0.0 0.0 0.0 0.008620689655172414 0.0 0.0 0.0 0.0 0.0 0.0 0.008620689655172414 0.0 0.0 0.010775862068965518 0.0 0.0 0.0 0.0 0.0 0.0 0.0 0.0 0.0028735632183908046 0.0 0.0 0.0 0.0 0.0 0.0 0.0 0.0 0.0 
36: 0.0 0.003255208333333333 0.004836309523809523 0.0 0.0 0.0 0.0 0.001953125 0.0 0.0 0.0 0.0 0.0 0.0 0.0 0.0 0.0 0.0026041666666666665 9.765625E-4 0.0 0.0 0.0 0.0 0.0 0.001953125 0.003255208333333333 0.0 0.0 0.0 0.0 0.0 0.0 0.0 0.0 0.0 0.00390625 0.0 0.0 0.0 0.0 0.0 0.014139384920634922 0.0 0.0 0.0 0.0 0.0 0.9252418718434343 0.0 0.0 0.0 9.765625E-4 0.0 0.0 0.0 0.00390625 0.004557291666666666 0.00390625 6.510416666666666E-4 0.0 0.0 0.002722537878787879 0.0 0.0 0.0 0.0 0.0 0.0 0.0 0.0 0.0 0.0 0.0 0.00390625 0.0 0.0 0.00390625 0.0 0.0029296875 0.0 0.0 0.0 6.510416666666666E-4 0.001953125 0.0 0.0 0.0 0.0 0.0 0.0 0.0 0.0 0.0 0.00390625 0.001953125 0.001953125 0.0 0.0 0.0 0.0 
37: 0.010869565217391304 0.0 0.003623188405797101 0.0 0.0 0.0 0.0 0.0 0.005434782608695652 0.0 0.0 0.0 0.0 0.0 0.0 0.0 0.0 0.0 0.0 0.0 0.0 0.0 0.0 0.0 0.0 0.0 0.0 0.010869565217391304 0.010869565217391304 0.0 0.005434782608695652 0.0 0.0 0.0 0.0 0.0 0.0 0.0 0.0 0.0 0.0 0.0 0.0 0.0 0.8931159420289854 0.0 0.0 0.0 0.0 0.0 0.0 0.0 0.0 0.0 0.0 0.0 0.003623188405797101 0.0 0.005434782608695652 0.003623188405797101 0.010869565217391304 0.0 0.0 0.0 0.0 0.0 0.0 0.0 0.0 0.0 0.0 0.0 0.0 0.0 0.0 0.0 0.0 0.0 0.010869565217391304 0.007246376811594202 0.0 0.0 0.0 0.0 0.0 0.0 0.0 0.0 0.0 0.0 0.0 0.0 0.0 0.018115942028985504 0.0 0.0 0.0 0.0 0.0 0.0 
38: 7.183908045977011E-4 0.0028735632183908046 0.018118183793893735 0.0 0.005541871921182265 0.0 0.0 0.8391129341707168 8.060904612628751E-4 0.0 0.0 0.004310344827586207 0.0 0.0 0.0 0.0 0.0 0.003797510383463731 0.0 0.0056752873563218394 0.0 0.0 0.0 0.0028735632183908046 0.0014367816091954023 0.007866077465468945 0.0 0.0 0.0 0.0 0.0014367816091954023 0.0 0.0 0.0 0.0 0.0 0.0 0.0 0.0 0.0 1.1195700850873266E-4 0.011554621848739496 0.0 0.0 0.0 0.0 0.0 0.004310344827586207 0.0 0.0 1.1195700850873266E-4 0.004434430512016719 0.0 0.004310344827586207 0.0 0.0 0.0021551724137931034 0.0 0.0 0.018472906403940885 0.00646551724137931 0.004310344827586207 0.0 0.0 0.0 0.0 0.0 0.004310344827586207 3.5826242722794446E-4 1.8752798925212718E-4 0.0 0.0 0.0 0.004310344827586207 0.0 0.0 0.0 0.0 0.0 1.1195700850873266E-4 0.0 0.0 0.005178895514648691 0.0 0.0 0.0 0.01416256157635468 0.0 0.0 0.0 0.012672829218948575 0.004310344827586207 0.0 0.0 0.0 0.0021551724137931034 0.0 0.0014367816091954023 0.0 0.0 
39: 0.0 0.09562849918547452 0.0035211267605633804 0.0 0.0 0.0 0.0 0.0035211267605633804 0.0 0.0 0.0 0.002347417840375587 0.0 0.45635015401681006 0.0 0.0 0.0 0.0013507389232327097 0.005109085887876277 0.0045481220657277 0.0 0.007042253521126761 0.0 0.0014084507042253522 0.0 0.0027582159624413146 0.0 0.0 0.0 0.007042253521126761 0.0 0.06060955349998431 0.0 0.0 0.0 0.0022007042253521128 0.0 0.0 0.0 0.0 0.0 0.018276681733633122 0.0 0.0 0.0 0.0 0.0 0.0032276995305164317 0.0 0.0 0.0 0.05489957720177272 9.096244131455399E-4 0.0 0.0011737089201877935 0.0 0.006308685446009389 0.0 4.4014084507042255E-4 0.0017605633802816902 0.0 5.868544600938967E-4 0.0709191043698086 0.0 0.0 0.012233658360418924 0.008215962441314553 0.0 0.0 0.0 0.0 0.0 0.0 0.0 0.0 0.0 0.004729356531344932 0.0 0.0 0.0 0.018779342723004695 0.0 0.0 8.802816901408451E-4 0.0 0.0 0.0 0.007583965330444203 0.0 0.0 0.06354978883797796 0.0017996870109546165 0.0 0.0 0.06500592375815432 0.0 0.0 0.0017605633802816902 0.0 0.0035211267605633804 
40: 0.0 0.0 0.0 0.0 0.0 0.0 0.953125 0.0 0.0 0.0 0.0 0.0 0.0 0.0 0.0 0.0 0.0 0.0 0.0 0.0 0.0 0.0 0.0 0.0 0.0 0.0 0.0 0.0 0.0 0.0 0.0 0.0 0.0 0.0 0.0 0.0 0.0 0.0 0.0 0.0 0.0 0.0 0.0 0.015625 0.0 0.0 0.0 0.0 0.0 0.0 0.0 0.0 0.0 0.0 0.0 0.0 0.0 0.0 0.0 0.0 0.0 0.0 0.0 0.0 0.0 0.0 0.0 0.0 0.0 0.0 0.0 0.0 0.0 0.0 0.0 0.0 0.0 0.0 0.0 0.0 0.0 0.0 0.0 0.0 0.0 0.0 0.0 0.0 0.0 0.03125 0.0 0.0 0.0 0.0 0.0 0.0 0.0 0.0 0.0 0.0 
41: 0.003968253968253968 0.0 0.002976190476190476 0.005952380952380952 0.0 0.0 0.0 0.0 0.0 0.0 0.0 0.0 0.0 0.0 0.0 0.0 0.0 0.0030663780663780665 0.011904761904761904 0.0 0.0 0.0 0.0 0.0 0.0011904761904761906 0.004761904761904762 0.0 0.0 0.0 0.0 0.002976190476190476 0.0 0.001984126984126984 0.0 0.0 0.0 0.0 0.005952380952380952 0.0 0.0 0.0 0.0030824829931972784 0.0 0.0 0.0 0.0 0.0 0.008928571428571428 0.0 0.0 0.0 0.003720238095238095 0.0 0.0 0.0 0.0 0.007936507936507936 0.0 0.0 0.002976190476190476 0.0 0.9077896310039166 0.0 0.0 0.0 0.0 0.0 0.0 0.0 0.0 0.005952380952380952 0.0 0.0 0.011904761904761904 0.0 0.0 0.0 0.0 0.0 0.0 0.0 0.0 0.0 0.0 0.0 0.0 0.002976190476190476 0.0 0.0 0.0 0.0 0.0 0.0 0.0 0.0 0.0 0.0 0.0 0.0 0.0 
42: 0.0 0.0 0.0 0.0 0.0 0.0 0.0 0.0 0.0 0.0 0.0 0.009259259259259259 0.0 0.0 0.0 0.0 0.0 0.001388888888888889 0.0 0.0 0.0 0.0 0.0 0.0 4.62962962962963E-4 0.005555555555555556 0.004629629629629629 0.0 0.0 0.0 0.0 0.0 0.0 0.009259259259259259 0.0 0.0 0.0 0.0 0.0 0.0 0.0 0.008134920634920636 0.0 0.0 0.0 0.0 0.0 0.0023148148148148147 0.003703703703703704 0.0 0.0 0.0 0.0 0.0 0.0 0.0 0.0023148148148148147 0.0 0.0 0.0 0.0 0.0023148148148148147 0.0 0.0 0.0 0.0 0.0 0.0 0.0 0.0 0.0 0.0 0.0 0.0 0.0 0.0 0.0 0.0 0.0 0.0 0.0 0.0 0.0 0.0 0.0 0.022222222222222223 0.0 0.0 0.0 0.0 0.0 0.0 0.0 0.9284391534391534 0.0 0.0 0.0 0.0 0.0 0.0 
43: 1.1031729601510455E-5 0.010292530398590004 6.892223218805754E-4 3.6615953570970864E-5 2.883506343713956E-4 0.0 0.0 9.520147928452427E-5 1.5695598076032562E-4 0.0 1.9223375624759706E-4 3.844675124951942E-5 0.0 9.967862252755672E-4 0.0 0.0 0.0 0.002624516541050942 0.0 0.002923611053355646 0.0 0.0017996692542116245 0.0 1.2815583749839805E-4 8.576582971046639E-5 0.0020779764410108876 6.0690943043884224E-5 2.8835063437139562E-5 0.0 4.760073964226213E-4 1.8307976785485432E-5 0.001236814279731183 0.0 0.0 3.844675124951941E-4 0.0 0.0 0.0 0.0 0.0024732497343304617 0.0 0.5568060620039631 3.446615326661463E-4 0.0 0.0 0.0 0.0 6.109363051404574E-4 0.0 0.0 2.8835063437139562E-5 0.03133097540963995 2.306805074971165E-4 0.0 2.8891602777212386E-4 0.0 0.0016189253172499624 0.0 1.8307976785485432E-5 1.3995730292629677E-4 0.0 4.339873777741804E-4 1.7694243472790187E-4 0.0 0.0 0.0020115472217227953 4.4338591051393814E-4 3.474994824475793E-4 0.0 3.2176269200490657E-4 0.0 1.8307976785485435E-5 0.0 4.714304022262499E-5 0.0 0.0 8.238589553468446E-5 0.0 8.607481623026732E-6 0.0 4.2718612499466016E-5 3.3410451670635E-4 6.852568016826107E-5 3.089471082550667E-4 0.0 0.0 0.0 7.689350249903882E-4 0.0 0.0 0.3747360943311617 4.92907067301531E-6 6.396349389428973E-5 0.0 0.0011252217610975947 1.2129034620384101E-4 0.0 0.0 0.0 0.0 
44: 0.0 0.0 0.008333333333333333 0.0 0.0 0.0 0.0 0.0 0.0 0.0 0.0 0.0 0.0 0.0 0.008573717948717948 0.0 0.0 0.019230769230769232 0.0 0.0 0.0 0.0 0.0 0.0 0.0 0.0 0.0 0.019230769230769232 0.01282051282051282 0.0 0.0 0.0 0.0 0.0 0.0 0.0 0.0 0.0 0.0 0.0 0.8693108974358974 0.019230769230769232 0.0 0.0 0.0 0.0 0.0 0.0 0.0 0.0 0.0 0.0 0.0 0.0 0.0 0.0 0.011217948717948716 0.0 0.0 0.00641025641025641 0.0 0.0 0.0 0.0 0.0 0.0 0.0 0.0 0.0 0.0 0.0 0.0 0.0 0.0 0.0 0.0 0.0 0.0 0.0 0.0 0.0 0.0 0.019230769230769232 0.0 0.0 0.0 0.0 0.0 0.0 0.0 0.0 0.0 0.0 0.0 0.0 0.0 0.0 0.0 0.0 0.00641025641025641 
45: 0.0 0.0 0.0 0.0 0.0 0.0 0.0 0.003333333333333333 0.0 0.0 0.0 0.0 0.0 0.0 0.0 0.0 0.0 0.003333333333333333 0.0 0.0 0.0 0.0 0.0 0.0 0.0025 0.0025 0.0 0.0 0.0 0.0 0.0 0.0 0.0 0.0 0.0025 0.0 0.0 0.0 0.0 0.0 0.0 0.012333333333333333 0.0 0.0 0.0 0.0 0.0 0.0 0.0 0.0 0.0 0.0 0.0 0.0 0.0 0.0 0.00625 0.0 0.0 0.0 0.0 0.0 0.0025 0.0 0.0 0.0 0.0 0.0 0.0 0.0 0.0 0.0 0.0 0.96225 0.0 0.0 0.0 0.0 0.0 0.0 0.0 0.0 0.0 0.0 0.0 0.0 0.0 0.0 0.0 0.0 0.0 0.0 0.0 0.0025 0.0 0.0 0.0 0.0 0.0 0.0 
46: 0.0 0.013370853055363672 4.2938726437373865E-5 0.0 0.0 0.0 0.0 4.809137360985873E-4 0.0 0.0 0.0 0.0 0.0 1.49266983227211E-4 0.0 0.0 0.0 3.8215466529262747E-4 0.0 0.0010031715539027257 0.0 0.0017443857615183135 0.0 0.0 3.5284431724624606E-5 1.5557030886156225E-4 0.0 0.0 0.0 0.0 0.0 7.814848211602044E-4 0.0 0.0 0.0 0.0 0.0 0.0 0.0 0.0017616805263333665 0.0 0.0152394895954358 0.0 0.0 0.0 0.0 0.0 3.4941388638412986E-4 0.0 0.0 0.0 0.9320028379041888 0.0 0.0 0.0 0.0 2.0610588689939455E-4 0.0 0.0 0.0 0.0 0.0 0.002490464696495634 0.0 0.0 0.001721170059225514 6.831161024127661E-4 0.0 0.0 0.0 0.0 0.0 0.0 0.0 0.0 0.0 0.0 0.0 0.0 0.0 0.0 1.5575047135011065E-4 0.0 6.805788140323757E-4 0.0 0.0 0.0 0.0 0.0 0.0 0.02162546153619946 1.8034265103697024E-4 0.0 0.0 0.004757563826418739 0.0 0.0 0.0 0.0 0.0 
47: 0.0 0.0 0.006540697674418605 0.011627906976744186 0.0 0.0 0.0 0.0 0.0 0.0 0.0 0.0 0.0 0.0 0.0 0.0 0.0 0.004118217054263565 0.0 0.0 0.0 0.0 0.0 0.0 0.0 0.012596899224806201 0.0 0.0025839793281653744 0.0 0.0 0.0 0.0 0.0 0.0 0.0 0.0 0.0 0.0 0.0 0.0 0.0 0.012839147286821704 0.0 0.0 0.0025839793281653744 0.0 0.0 9.689922480620155E-4 0.0 0.0 0.011627906976744186 0.0 0.007751937984496124 0.0 0.0 0.0 0.011627906976744186 0.0 0.0 0.0 0.023255813953488372 0.0 0.0 0.0 0.0 0.0 0.0 0.0 0.0 0.0 0.0 0.0 0.0 0.0 0.0 0.0 0.0 0.0 0.0 7.267441860465116E-4 0.0 0.0 0.0 0.0 0.0 0.0 0.0 0.0 0.0 0.0 0.0 0.0 0.0 0.0 9.689922480620155E-4 0.0 0.0 0.8901808785529716 0.0 0.0 
48: 0.0 0.0 0.0 0.0 0.0 0.0 0.0 0.0 3.9556962025316455E-4 0.0 0.0 0.0 0.0 0.0031645569620253164 0.0 0.0 0.0 3.9556962025316455E-4 0.0031645569620253164 0.002109704641350211 0.0 0.004113924050632912 0.0 0.0 3.9556962025316455E-4 0.0011867088607594937 0.0 0.0 0.0 0.011075949367088608 0.0 0.004113924050632912 0.0 0.0 0.0 0.006329113924050633 0.0 0.0 0.0 0.0 0.0 0.007082579867389993 0.0 0.0 0.0 0.0 0.0 0.0 0.0 0.0 0.0 0.01471518987341772 0.0 0.0 0.0 0.0 0.0 0.0 0.0 0.0 0.0 0.0 0.0 0.0 0.0 0.0 0.0 0.0 0.0 0.0 0.0 0.0 0.0 0.0 0.0 0.0 0.0034282700421940926 0.0031645569620253164 0.0031645569620253164 0.0 0.002109704641350211 0.0 0.0 0.9175482218203738 0.0 0.0 7.911392405063291E-4 0.004746835443037975 0.0 0.0 0.0015822784810126582 0.0 0.0 0.0 0.005221518987341772 0.0 0.0 0.0 0.0 0.0 
49: 0.0 0.0 0.02727272727272727 0.0 0.0 0.0 0.0 0.0 0.004047322540473226 0.0 0.0 0.0 0.0 0.0013698630136986301 0.0 0.0 0.0 0.0038249421811065642 0.0 0.0 0.0 0.0 0.0 0.0 0.0 6.226650062266501E-4 0.0 0.029843444227005873 0.0028629412191056025 0.0 0.003424657534246575 0.0 0.0 0.0 0.0 0.0 0.0 0.0 0.0 0.0 0.00684931506849315 0.0 0.0 0.0 0.00410958904109589 0.0 0.0 0.0 0.0 0.0 0.007429151264767703 0.0 0.0 0.0 0.0 0.0 0.0 0.0 0.007429151264767703 0.0 0.00228310502283105 0.0 0.0 0.003424657534246575 0.0 0.0 0.0 8.33514532144669E-4 0.8447686255905434 0.0 0.00684931506849315 0.0 0.0 0.0 0.0 0.0 0.0 0.0 0.010273972602739725 0.014901131339487504 0.0 0.0 0.003424657534246575 0.0 0.0 0.0 0.0045662100456621 0.0 0.0 0.0 0.0 0.0 0.0 0.0 0.0 0.00958904109589041 0.0 0.0 0.0 0.0 
50: 0.0 0.0024707906206377158 0.0 0.0 2.5484199796126404E-4 0.0 0.0 0.0 2.386615536462631E-4 0.0 0.0 0.0 0.0 8.330712820646619E-5 0.0 0.0 0.0 8.37017705913829E-5 0.0 1.2742099898063202E-4 0.0 5.096839959225281E-4 0.0 0.0 0.0 0.0 1.2742099898063202E-4 0.0 0.0 0.0 0.0 3.8226299694189603E-4 0.0 0.0 0.0 0.0 0.0 0.0 0.0 4.2628116022611437E-4 0.0 0.02391079837613789 0.0 0.0 0.0 0.0 0.0 0.0 0.0 0.0 0.0 0.009623129591579963 0.0 0.0 1.2742099898063202E-4 0.0 1.6989466530750933E-4 0.0 0.0 2.5484199796126404E-4 0.0 0.0 4.247366632687733E-5 0.0 2.0387359836901122E-4 7.063720851495012E-5 0.0 0.0 0.0 0.0 0.0 0.0 0.0 0.0 0.0 0.0 0.0 0.0 0.0 0.0 2.5484199796126404E-4 1.6989466530750933E-4 0.0 0.0 0.0 0.0 0.0 0.0 0.0 0.0 0.9602596990464567 2.0387359836901122E-4 0.0 0.0 4.2473666326877334E-6 0.0 0.0 0.0 0.0 0.0 
51: 0.0 0.014664149293778924 0.0011956400845289734 0.0 0.0 0.0 0.0 0.0014814814814814814 1.5432098765432098E-4 0.0 0.0030864197530864196 0.0 0.0 0.00787037037037037 0.0 0.0 0.0 0.015817121835640355 0.007407407407407407 0.0 0.0 0.004629629629629629 0.0 0.0 0.0011831275720164609 0.006734006734006734 0.0 0.0018518518518518517 0.0 0.0 0.0 0.004115226337448559 0.0 0.0 0.0 0.0 0.0 0.0 0.0 0.0 0.0 0.43710139417776195 0.0 0.0 0.0012345679012345679 0.0 0.0 0.006172839506172839 0.0 0.0 0.0 0.012476851851851854 0.0 0.0 0.0 0.0 0.006584362139917695 0.0 1.5432098765432098E-4 4.938271604938272E-4 0.0 0.0 0.0147119341563786 0.0 0.0 0.0 0.0 0.0 1.5432098765432098E-4 0.0 0.0 0.0 0.0 0.0 0.0 0.0 0.0 0.0 1.5432098765432098E-4 1.5432098765432098E-4 0.0 0.0 0.0 0.006172839506172839 0.0 0.0 0.0024691358024691358 0.0 0.0 0.0 0.028086957369436446 0.0 0.0015432098765432098 0.0 0.41214404326204823 0.0 0.0 0.0 0.0 0.0 
52: 0.005952380952380952 0.0 0.00267379679144385 0.0 0.0 0.0 0.0 0.002232142857142857 0.0 0.0 0.0 0.0 0.0 0.0 0.0 0.0 0.0 0.010416666666666666 0.0 0.0 0.0 0.0 0.0 0.0 0.0031512605042016808 0.0 0.004464285714285714 0.002232142857142857 0.008928571428571428 0.0 0.0 0.0 0.0 0.008928571428571428 0.0 0.0 0.0 0.0 0.0 0.0 0.0 0.002232142857142857 0.0 0.0 0.0 0.0 0.0 0.008928571428571428 0.0 0.0 0.002232142857142857 0.0 0.0 0.0 0.008928571428571428 0.0 0.0 0.0 0.008928571428571428 0.0 0.004464285714285714 0.0 0.0 0.0 0.0 0.0 0.0 0.002976190476190476 0.0 0.8812155165096341 0.0 0.0 0.0 0.0 0.0 0.0 0.0 0.0 0.00487012987012987 0.01086707410236822 0.0 0.008928571428571428 0.004464285714285714 0.0 0.0 0.0 0.0 0.0 0.0 0.0 0.0 0.0 0.0 0.0 0.001984126984126984 0.0 0.0 0.0 0.0 0.0 
53: 0.0 0.00519735063530684 0.027444033582442587 0.004602595296025953 8.110300081103E-4 0.0 0.0012165450121654502 0.014051371237604419 0.01750347210996653 0.0 0.0 0.006373873621342423 0.0 0.0 0.00202757502027575 0.0 0.0 0.4904241977261802 0.002230332522303325 0.003257069251058087 7.651226491606605E-6 0.0034874290348742903 0.0 0.0012165450121654502 0.010298343595582267 0.07819393462388838 0.0011482578157278613 0.00697885609766253 0.0016017842660178427 0.0 0.0030123971729811147 0.0018248175182481751 0.0014193025141930249 0.0024330900243309003 0.0 4.965489845573265E-5 0.0 8.110300081103E-4 0.0 0.0017234387672343877 0.003900100186059825 0.13503116986577443 1.013787510137875E-4 0.0 0.003446877534468775 0.0 0.0 0.013120543557233607 0.0012165450121654502 0.0 0.002699571312709999 0.008593424854912176 0.0 4.0551500405515E-4 0.00164501369569542 0.003446877534468775 0.024500382271667752 0.0 0.005443337567011992 0.014399423621587557 0.004209217505423262 0.004316544227753995 0.0024560437038057205 0.0 0.0018248175182481751 0.0016118369488914786 0.0016355771830224386 0.001607371297982703 4.1699184379255993E-4 0.0012165450121654502 0.0 0.0024560437038057205 0.0 0.0017958521608156643 0.0012165450121654502 0.0012165450121654502 0.004855340811132024 0.0012165450121654502 0.0034706153488570117 0.003537940792623343 0.0012165450121654502 0.002681689914853391 0.009557926190513395 2.02757502027575E-4 0.0 0.0012165450121654502 0.00832326650533509 0.0 0.0 8.110300081103E-4 0.014682801133541186 0.0 0.0017572316842389836 0.0020072992700729928 0.008712753779853566 0.0010543390105433902 0.0 0.0012165450121654502 0.0 2.02757502027575E-4 
54: 0.021739130434782608 0.0 0.0 0.0 0.0 0.0 0.0 0.0 0.0 0.0 0.0 0.0 0.0 0.0 0.0 0.0 0.0 0.010869565217391304 0.0 0.0 0.0 0.0 0.0 0.0 0.0 0.0 0.0 0.007246376811594202 0.0 0.0 0.0 0.0 0.0 0.0 0.8586956521739131 0.0 0.0 0.0 0.0 0.0 0.0 0.012681159420289854 0.0 0.0 0.0 0.0 0.0 0.02717391304347826 0.0 0.0 0.0 0.0 0.0 0.0 0.0 0.0 0.018115942028985504 0.0 0.0 0.021739130434782608 0.0 0.0 0.0 0.0 0.0 0.0 0.0 0.0 0.0 0.0 0.0 0.0 0.0 0.0 0.0 0.0 0.0 0.0 0.0 0.0 0.0 0.021739130434782608 0.0 0.0 0.0 0.0 0.0 0.0 0.0 0.0 0.0 0.0 0.0 0.0 0.0 0.0 0.0 0.0 0.0 0.0 
55: 0.0 0.0 0.0 0.0 0.0 0.0 0.0 0.0 0.0 0.0 0.0 0.0 0.0 0.0 0.0 0.0 0.0 0.0 0.0 0.0 0.0 0.0 0.0 0.0 0.0 0.0 0.0 0.0 0.0 0.0 0.0 0.0 0.0 1.0 0.0 0.0 0.0 0.0 0.0 0.0 0.0 0.0 0.0 0.0 0.0 0.0 0.0 0.0 0.0 0.0 0.0 0.0 0.0 0.0 0.0 0.0 0.0 0.0 0.0 0.0 0.0 0.0 0.0 0.0 0.0 0.0 0.0 0.0 0.0 0.0 0.0 0.0 0.0 0.0 0.0 0.0 0.0 0.0 0.0 0.0 0.0 0.0 0.0 0.0 0.0 0.0 0.0 0.0 0.0 0.0 0.0 0.0 0.0 0.0 0.0 0.0 0.0 0.0 0.0 0.0 
56: 0.9583333333333334 0.0 0.0 0.0 0.0 0.0 0.0 0.0 0.0 0.0 0.0 0.0 0.0 0.0 0.0 0.0 0.0 0.0 0.0 0.0 0.0 0.0 0.0 0.0 0.0 0.0 0.0 0.0 0.0 0.0 0.0 0.0 0.0 0.0 0.0 0.0 0.0 0.0 0.0 0.0 0.0 0.006944444444444444 0.0 0.0 0.0 0.0 0.0 0.0 0.0 0.020833333333333332 0.0 0.0 0.0 0.0 0.0 0.0 0.0 0.0 0.0 0.0 0.0 0.0 0.0 0.0 0.013888888888888888 0.0 0.0 0.0 0.0 0.0 0.0 0.0 0.0 0.0 0.0 0.0 0.0 0.0 0.0 0.0 0.0 0.0 0.0 0.0 0.0 0.0 0.0 0.0 0.0 0.0 0.0 0.0 0.0 0.0 0.0 0.0 0.0 0.0 0.0 0.0 
57: 0.0 0.0 0.009259259259259259 0.0 0.0 0.0 0.0 0.0 0.0 0.0 0.0 0.0 0.0 0.0 0.0 0.0 0.0 0.0 0.0 0.0 0.0 0.0 0.0 0.0 0.0 0.0 0.0 0.0 0.0 0.0 0.0 0.0 0.0 0.047619047619047616 0.05555555555555555 0.0 0.0 0.0 0.0 0.0 0.0 0.0 0.0 0.0 0.0 0.0 0.0 0.0 0.0 0.0 0.0 0.0 0.0 0.0 0.0 0.0 0.0 0.0 0.0 0.0 0.0 0.0 0.0 0.0 0.0 0.0 0.0 0.0 0.0 0.0 0.0 0.0 0.0 0.0 0.0 0.0 0.009259259259259259 0.047619047619047616 0.0 0.0 0.0 0.0 0.0 0.0 0.8306878306878307 0.0 0.0 0.0 0.0 0.0 0.0 0.0 0.0 0.0 0.0 0.0 0.0 0.0 0.0 0.0 
58: 0.0 0.003355704697986577 0.0130681212895978 0.003355704697986577 0.0016778523489932886 0.0 0.0 0.008575689783743474 0.7752385478056618 0.0 0.0 0.0 0.0 0.0 0.0 0.0 0.0 0.014762541708850432 0.0 0.002936241610738255 0.0 0.0 0.0 0.003355704697986577 0.008796013829570876 0.01246158664915288 0.0016778523489932886 0.008827367636092468 0.0022371364653243847 0.003355704697986577 9.587727708533077E-4 0.0036241610738255037 0.0 0.0 0.0 0.0 0.0 0.0 0.0 0.0 0.003965832824893227 0.01783103273742624 0.0 0.0 0.006711409395973154 0.0 0.0 9.587727708533077E-4 0.0 0.0 0.006711409395973154 0.0 0.0 4.067520846044336E-4 0.003355704697986577 0.0 0.007941834451901567 0.0022371364653243847 0.003355704697986577 0.0 0.0 0.0 0.0 0.0 0.0 0.0 0.0 0.003355704697986577 0.007193459039096623 0.003355704697986577 0.0 0.0 0.0 0.006711409395973154 0.003355704697986577 0.0 0.0 0.0 0.006711409395973154 0.001901565995525727 0.0 0.001342281879194631 0.027786736008212517 0.0 0.0 0.0 0.010486577181208054 0.0 0.0 0.0 0.003350620296929022 0.0 0.0 0.0 0.001030680728667306 0.0 0.0 0.0016778523489932886 0.0 0.0 
59: 0.0 0.0 0.001943634596695821 0.0 0.0 0.0 0.0 0.0 0.0 0.0 0.0 0.9541478929234031 0.0 0.0 0.0 0.0 0.0 0.0 0.0 0.0 0.0 0.0 0.0 0.0 0.0 0.002551020408163265 0.0 0.00510204081632653 0.0 0.0 0.0 0.0 0.0 0.00510204081632653 0.0 0.0 0.0 0.0 0.0 0.0 0.0 0.008194186765615336 0.0 0.0 0.0 0.0 0.0 0.002551020408163265 0.01020408163265306 0.0 0.0 0.0 0.0 0.0 0.0 0.0 0.002551020408163265 0.0 0.00510204081632653 0.0 0.0 0.0 0.0 0.0 0.0 0.0 0.0 0.0 0.0 0.0 0.0 0.0 0.0 0.002551020408163265 0.0 0.0 0.0 0.0 0.0 0.0 0.0 0.0 0.0 0.0 0.0 0.0 0.0 0.0 0.0 0.0 0.0 0.0 0.0 0.0 0.0 0.0 0.0 0.0 0.0 0.0 
60: 0.0 0.0 0.0 0.0 0.004830917874396135 0.0 0.0 0.0 0.0 0.0 0.0 0.0 0.0 0.0 0.0 0.0 0.0 0.0 0.0 0.0 0.0 0.0 0.0 0.0 0.0 0.0 0.0 0.0 0.0 0.0 0.0 0.0 0.0 0.0 0.0 0.0 0.0 0.0 0.0 0.0 0.0 0.004830917874396135 0.0 0.0 0.0 0.0 0.0 0.0 0.0 0.0 0.0 0.0 0.0 0.0 0.0 0.0 0.0 0.004830917874396135 0.0 0.0 0.0 0.0 0.0 0.0 0.0 0.0 0.0 0.0 0.0 0.0 0.0 0.0 0.0 0.0 0.0 0.0 0.0 0.0 0.014492753623188406 0.0 0.0 0.9710144927536234 0.0 0.0 0.0 0.0 0.0 0.0 0.0 0.0 0.0 0.0 0.0 0.0 0.0 0.0 0.0 0.0 0.0 0.0 
61: 8.686210640608035E-4 0.001273202006101029 0.8283819288398531 0.012313690652452868 0.0 0.0 0.0 0.0014115092290988057 0.0011743528201611521 0.0 0.0016286644951140066 0.0 0.0 8.143322475570033E-4 0.0016286644951140066 0.0 0.0 0.009347845086946145 7.451406186796108E-4 3.54474037171872E-4 0.0016286644951140066 0.0 0.0 0.0 0.0079343029285547 0.030971274529451764 0.001574375678610206 0.003640544165548956 0.0016286644951140066 0.0 0.0033426399875911275 0.0 0.0 0.0018458197611292072 0.0 0.0 0.0 0.0016286644951140066 0.0 0.0 0.0022335970218706376 0.013264620872330372 0.0 0.0 0.0010857763300760042 0.0 0.0 0.003944987332609482 5.428881650380021E-4 0.0 0.0043741275011633315 0.003325190010857764 0.0 0.0 0.002280130293159609 0.003257328990228013 0.00583572462644124 0.0016286644951140066 0.0027144408251900108 0.004440962052573472 0.001737242128121607 0.0 0.0 0.0016286644951140066 0.0016286644951140066 0.0010857763300760042 0.0016286644951140066 0.007709011943539631 0.005423711286903469 0.0011400651465798045 0.0 0.0014250814332247557 0.0 0.0 0.0 0.0 0.0 0.0 0.0012214983713355048 0.0016150922909880566 0.0 0.0 0.005099611134241684 0.0 0.0 0.0 0.0 0.0 0.0 0.0 7.503489995346672E-4 0.0 4.0716612377850165E-4 0.0 3.619254433586681E-4 0.0019001085776330074 0.0 0.0 0.0 0.0021715526601520083 
62: 0.0 0.0 0.011363636363636364 0.0 0.0 0.9310344827586207 0.004702194357366771 0.0 0.0 0.0 0.0 0.0 0.0 0.0 0.0 0.006269592476489028 0.0 0.0 0.0 0.011363636363636364 0.0 0.0 0.0 0.0 0.0 0.0 0.0 0.0 0.0 0.0 0.0 0.0 0.0 0.0 0.0 0.0 0.0 0.0 0.0 0.0 0.0 0.001567398119122257 0.0 0.003134796238244514 0.0 0.0 0.001567398119122257 0.0 0.0 0.001567398119122257 0.0 0.0 0.0 0.0 0.0 0.0 0.0 0.0 0.0 0.0 0.0 0.0 0.0 0.0 0.0 0.0 0.0 0.0 0.0 0.0 0.001567398119122257 0.0 0.022727272727272728 0.0 0.0 0.0 0.0 0.0 0.0 0.0 0.0 0.0 0.0 0.0 0.0 0.0 0.0 0.0 0.0 0.003134796238244514 0.0 0.0 0.0 0.0 0.0 0.0 0.0 0.0 0.0 0.0 
63: 0.0 0.007403349888012464 8.764241893076248E-4 0.0 0.0 0.0 0.0 8.69120654396728E-4 0.0 0.0 0.0 0.0 0.0 0.0023006134969325155 1.2781186094069528E-4 0.0 0.0 0.0016019086571233809 0.0 0.009774692354608403 0.0 0.5075644681908106 0.0 0.0 0.0 0.0033931005940208395 0.0 0.003286590709903593 0.0 0.016359918200408996 2.5562372188139056E-4 0.010831525973063716 0.0 0.0 0.0020449897750511245 0.0 0.0 0.0 0.0 0.04948987960527882 2.191060473269062E-4 0.15133282631365447 0.0 0.0 0.0 0.0 0.0 3.408316291751874E-4 0.0 0.0 0.0 0.09851443529075932 0.0 0.0 0.0 3.2289312237649337E-4 0.0016067776803973125 0.0 0.0 0.0034083162917518746 0.002351738241308793 0.0010224948875255623 0.005112474437627811 0.0 0.0 0.005521472392638037 0.004601226993865031 1.2781186094069528E-4 0.0 2.5562372188139056E-4 0.0 0.0 0.0 0.0 0.0 0.0 0.0 0.0 0.0 4.7472976920829684E-4 0.006646216768916155 6.816632583503748E-4 3.0674846625766873E-4 0.030387761522730847 0.0 0.0 0.0 0.0 0.0 0.0 0.0657629628040778 0.0 0.0 0.0 0.004821870627488967 0.0 0.0 0.0 0.0 0.0 
64: 0.005334138486312399 0.06292727261056966 0.0076413431741300586 0.0 0.0 0.0 0.0018518518518518517 0.003571428571428571 0.0014942692052666478 0.0 4.139758238118893E-6 0.0 0.0 0.008576570523719162 0.0 0.0 0.0 0.049040960458181605 0.026026707284464337 0.009999797055807983 0.0 0.0 0.0 0.0 0.0019314662443881343 0.005600825119440142 0.0 0.0019460138104205901 2.2768670309653916E-5 0.0 0.0015096618357487923 0.02324832077466104 1.2018039448904746E-4 0.0 0.008854856090690017 3.675985322457168E-4 0.0 0.0 0.0 0.002065617796492113 0.0 0.013339343973435462 0.0 0.0 0.0 0.0 0.0 0.01056792286070394 0.0 0.0 0.0 0.09260123119487967 0.0 0.0 5.96074859816422E-4 0.0 0.007652888499883034 5.555555555555556E-4 0.0 0.0019429265330904676 6.944444444444445E-4 0.004074074074074075 0.055769570288820625 0.0 6.172839506172838E-5 0.005777777777777778 0.004523809523809524 0.0 6.740196078431372E-4 0.0 0.0 4.553734061930783E-5 0.0 6.944444444444445E-4 0.0 0.0 0.011433216160680418 0.0 0.0 9.962032503016108E-4 0.006854179315927951 0.0023440089132692418 0.0024074074074074076 0.006089532328939108 0.0 0.0 0.0021990740740740738 0.0 0.0 0.0 0.06852920782965752 0.0 3.3570785228854495E-4 0.0 0.4770587879037197 0.0 0.0 0.0 0.0 4.553734061930783E-5 
65: 0.0 0.0 0.0 0.0 0.0 0.0 0.0 0.0 0.0 0.0 0.0 0.0 0.0 0.0 0.0 0.0 0.0 0.0 0.0 0.0 0.0 0.0 0.0 0.0 0.0 0.0 0.0 0.0 0.0 0.0 0.0 0.0 0.0 0.0 0.0 0.0 0.0 0.0 0.0 0.0 0.0 0.0 0.0 0.0 0.0 0.0 0.0 0.0 0.0 0.0 0.0 0.0 0.0 0.0 0.0 0.0 0.0 0.0 0.0 0.0 0.0 0.0 0.0 0.0 0.0 0.0 0.0 0.0 0.0 0.0 0.0 0.0 0.0 0.0 0.0 0.0 0.0 0.0 0.0 0.0 0.0 0.0 0.0 0.0 0.0 0.0 0.0 0.0 0.0 0.0 0.0 1.0 0.0 0.0 0.0 0.0 0.0 0.0 0.0 0.0 
66: 0.0 0.4698382853332 0.0017700665965650192 0.0 0.0 0.0 0.0 2.628811777076761E-4 6.309148264984228E-4 0.0 2.426595486532395E-4 0.0 0.0 0.005623153572680387 0.0 0.0 0.0 0.002978694106454359 3.5050823694356814E-4 0.008173100996444844 0.0 0.0011917280056081318 0.0 0.0 0.0 0.0037633414605023436 0.0 3.943217665615142E-4 0.0015772870662460567 0.0 0.0 0.0 0.0 0.0 0.0 0.0 0.0 0.0 0.0 0.0011829652996845426 0.0 0.03689693368443501 0.0 0.0 7.886435331230284E-4 0.0 0.0 0.00879775674728356 0.0 0.0 0.0 0.21884895713686714 0.0 0.0 0.0 6.309148264984228E-4 0.0021792175577664535 0.0 0.0 0.0 7.886435331230284E-4 0.0010515247108307045 6.519453207150368E-4 0.0 0.0 0.0041084572630313955 0.0015772870662460567 0.0 0.0 0.0015772870662460567 0.0 0.0 0.0 0.0013144058885383805 0.0 0.0 0.0 0.0 0.0 2.628811777076761E-4 0.0031545741324921135 0.0 0.0 0.001927795303189625 0.0 0.0 0.0 0.0015772870662460567 0.0 0.0 0.2125382263290994 5.257623554153522E-4 0.0 0.0 0.0021205748335085873 0.0 1.7525411847178407E-4 5.257623554153522E-4 0.0 0.0 
67: 0.0 0.009556680290213223 0.0014970059880239522 0.0 0.0 0.0 0.0 0.0 4.99001996007984E-4 0.0 0.0 0.0 0.0 0.0 0.0 0.0 0.0 0.0011976047904191617 0.0 0.018140702721541044 0.0 0.025004608387841916 0.0 0.0 0.0 0.0017797737857618097 0.0 0.0 0.0 0.001996007984031936 0.0 0.0014970059880239522 0.0 0.0 0.0 0.0 0.0 0.0 0.0 0.4220526414018842 0.0 0.4525093986905498 0.0 0.0 0.0014970059880239522 0.0 0.0 0.0 0.0 0.0 0.0 0.01926607635885541 0.0 0.0 0.0 0.0 0.0027445109780439123 0.0 0.0 0.0 0.0 0.0 0.0 0.0 0.0 0.0011976047904191617 0.0015369261477045908 0.0 2.49500998003992E-4 0.0 0.0 0.0 0.0 0.0 0.0 0.0 0.0 0.0 0.0 9.98003992015968E-4 0.0048902195608782435 0.0 0.0 0.006774685922273101 0.0 0.0 0.0 0.0 0.0 0.0 0.0241170292474671 0.0 0.0 9.98003992015968E-4 0.0 0.0 0.0 0.0 0.0 0.0 
68: 0.0 0.0 0.0 0.012345679012345678 0.0 0.0 0.0 0.0 0.0 0.0 0.0 0.0 0.0 0.0 0.0 0.0 0.0 0.0 0.0 0.0 0.0 0.0 0.0 0.0 0.0 0.0 0.0 0.0 0.0 0.0 0.0030864197530864196 0.0 0.0 0.009259259259259259 0.0 0.0 0.0 0.0 0.0 0.0 0.0 0.0030864197530864196 0.0 0.0 0.0 0.0 0.0 0.0 0.0 0.0 0.009259259259259259 0.0 0.0 0.0 0.0 0.9290123456790125 0.0 0.0 0.018518518518518517 0.0 0.0 0.0 0.0 0.0 0.0 0.0 0.0 0.0 0.0 0.0 0.0 0.0 0.0 0.0 0.0 0.0 0.0 0.0 0.0030864197530864196 0.0030864197530864196 0.0 0.0 0.0 0.0 0.0 0.0 0.0 0.0 0.0 0.0 0.0 0.0 0.0 0.0 0.0 0.0 0.0 0.0 0.0 0.009259259259259259 
69: 0.0 0.009740377617215851 0.0024305555555555556 0.0022522522522522522 0.0 0.0 0.0 0.0018018018018018018 0.0022522522522522522 0.0033783783783783786 0.0 0.0 0.0 0.010107910107910106 0.0 0.0 0.0 0.002707033957033957 0.0 0.012713675213675214 0.0 0.06268129393129393 0.0 0.0 0.0 0.0030874624624624624 5.197505197505198E-4 0.0035660660660660664 0.0 0.006756756756756757 0.0 0.010467197967197967 0.0 0.0 0.0 1.4076576576576576E-4 0.0 0.0 0.0 0.0070919133419133406 0.0 0.1603781796023515 0.0022522522522522522 0.0 0.0 0.0 0.0 0.0022522522522522522 0.0 0.0 0.0 0.10153367561861087 0.0 0.0 0.0 0.0 0.00243993993993994 0.0 3.7537537537537537E-4 0.005067567567567567 0.0 0.0 0.002807065307065307 0.0 2.598752598752599E-4 0.49076236847463245 0.009089446589446588 0.0 0.0 0.0 0.0 0.0 0.0 0.0 0.0 0.0 0.0 0.0 0.0 1.8768768768768769E-4 0.03615896115896115 0.0 0.0 0.003291753291753292 0.0 0.0 0.0 0.0 0.0 0.0 0.03625213547892593 0.0 0.0 0.0 0.005196020196020196 0.0 0.0 0.0 0.0 0.0 
70: 0.0032377049180327866 0.0030137517315136204 0.019843384476387484 0.0020714348604238923 0.0018805717467134787 5.9992500937382904E-6 0.0014693788276465439 0.004248632303232 0.009428849834862625 0.0 9.523809523809524E-4 0.0024543835429662202 0.0 0.001838521780925333 7.8064012490242E-6 2.6861396423807676E-5 0.0 0.034510540479107066 0.002194168279981933 0.0035567265106098817 0.001590339485076327 1.4998125234345726E-6 0.0 4.49943757030371E-6 0.008058003893916837 0.02271042315851725 0.0053450889909106075 0.003046343815095198 6.332689558684874E-4 0.0 4.7012138188608774E-4 6.221324607151379E-4 0.0025577396833660255 2.249718785151855E-6 8.658008658008658E-5 0.001099737532808399 0.0 7.316017316017316E-4 9.75800156128025E-7 0.0017976394255065941 9.388873833750111E-4 0.23606230069128578 6.427767957576731E-7 0.0 3.0553025134153313E-4 0.0 4.94663382594417E-5 0.02501821094759551 3.0716321634796824E-4 0.0 7.626248711108886E-4 0.010345689231276467 0.0020076834757748107 0.0014285714285714286 1.6589363017934446E-4 0.00600997995693511 0.4547088271523183 0.0015072956603226384 3.0885911988274195E-4 0.008714387111762641 0.005220862177142989 0.014405428000728686 1.9047619047619048E-4 0.0 0.001964816897887764 0.0011904761904761904 0.001745546802923852 0.003132303773973821 0.001002773290140696 0.0021302187571521094 0.0015178571428571428 7.455113192818111E-4 4.525777253049981E-5 0.016352369980959364 0.0 5.340809671518333E-4 7.685319118095051E-4 7.215007215007214E-6 7.283919055572598E-4 0.0027677578239902034 2.361275088547816E-5 0.0023676393663368974 0.007383371315468101 2.249718785151855E-6 4.49943757030371E-6 0.0017896336152669983 0.0018225763430713734 0.0 0.0 2.1645021645021645E-5 0.025244474962484508 8.928571428571429E-5 0.0014334003704082443 0.0066578271052216515 0.005465344810239486 6.925181283698747E-4 4.49943757030371E-6 6.194293930560504E-4 0.0 0.0037867606905107993 
71: 0.006944444444444444 0.0 0.004067460317460318 0.003472222222222222 0.0 0.0 0.0 0.0 0.0 0.0 0.0 0.0 0.0 0.0 0.0 0.0 0.0 0.0 0.0 0.0 0.0 0.0 0.0 0.0 0.0 0.006944444444444444 0.0 0.0 0.0 0.0 0.0 0.0 0.0 0.0 0.0 0.0 0.0 0.0 0.0 0.0 0.0 0.008134920634920636 0.0 0.0 0.0 0.0 0.0 0.005208333333333333 0.0 0.0 0.0 0.0 0.004166666666666667 0.0 0.0 0.0 0.005208333333333333 0.0 0.010416666666666666 0.0 0.003472222222222222 0.0 0.0 0.0 0.0 0.0 0.0 0.9298115079365079 0.005208333333333333 0.0 0.0 0.0 0.0 0.0 0.0 0.0 0.0 0.0 0.0 0.006944444444444444 0.0 0.0 0.0 0.0 0.0 0.0 0.0 0.0 0.0 0.0 0.0 0.0 0.0 0.0 0.0 0.0 0.0 0.0 0.0 0.0 
72: 5.505955166239292E-4 0.011887656204747327 0.005353287578691338 0.0011718223910610372 4.1177681696520483E-4 0.0 0.0 0.0014199763289703315 0.0032301839287023353 0.0 4.537766225150413E-4 0.0011294366278152565 0.0 0.0024925188884205775 1.3382746551369158E-4 0.0 0.0 0.01697298540865685 8.335583845157656E-4 0.009407835875290179 2.0588840848260242E-4 0.007458749566529758 0.0 6.055325156622253E-4 0.0012416357730155147 0.00888744574103612 0.0012948733842944903 0.0019648583692746754 6.176652254478073E-4 3.919232918615253E-4 3.732061638176525E-4 0.002616225389905584 2.941262978322892E-4 5.9894809740393436E-5 2.508095157878975E-4 4.679282010968237E-7 0.0 2.0588840848260242E-4 0.0 0.012371834580573164 5.353098620547663E-4 0.7611535670818986 5.717079914115121E-4 0.0 9.313999431355823E-4 0.0 0.0 0.002531583156058408 0.0 0.0 3.992764493073325E-4 0.02642580880788808 4.1177681696520483E-4 0.0 5.1472102120650604E-5 2.446438736087394E-4 0.009823542347820584 3.2546206110134463E-4 2.6765493102738315E-4 0.0025815605347204165 5.828225717045976E-4 4.88517041945084E-4 0.002930188232214594 0.0 5.653921004560548E-4 0.006576580508771244 0.0017228822042198906 8.188835989705862E-4 0.0016134323533070554 6.850691687010401E-4 4.1177681696520483E-4 3.0883261272390367E-4 0.0 0.0026869417727972394 2.0588840848260242E-4 0.0 4.26189005558987E-4 2.0588840848260242E-4 1.535113023686217E-4 0.0019367104782030478 0.0021249421432509414 7.14604351108366E-4 0.0012160821686377583 0.002300964566047406 0.0 2.1618282890673254E-4 3.089500862953975E-4 3.0883261272390367E-4 0.0 0.0 0.0640455851276119 4.6324891908585547E-4 4.772867651187602E-4 5.147210212065061E-4 0.003161836201530965 6.176652254478073E-4 0.0 1.2353304508956148E-4 0.0 5.410289845126164E-4 
73: 0.0 0.0 0.0 0.0 0.0 0.0 0.0 0.0 0.0 0.0 0.0 0.0 0.0 0.0 0.0 0.0 0.0 0.0 0.0 0.0 0.0 0.0 0.0 0.0 0.0 0.0 0.0 0.0 0.0 0.0 0.0 0.0 0.0 0.0 0.0 0.0 0.0 0.0 0.0 0.0 0.0 0.0 0.0 0.0 0.0043859649122807015 0.0 0.0 0.0 0.0 0.0 0.9956140350877193 0.0 0.0 0.0 0.0 0.0 0.0 0.0 0.0 0.0 0.0 0.0 0.0 0.0 0.0 0.0 0.0 0.0 0.0 0.0 0.0 0.0 0.0 0.0 0.0 0.0 0.0 0.0 0.0 0.0 0.0 0.0 0.0 0.0 0.0 0.0 0.0 0.0 0.0 0.0 0.0 0.0 0.0 0.0 0.0 0.0 0.0 0.0 0.0 0.0 
74: 0.0 0.0012205387205387204 0.0 0.0 0.0 0.08923162138031421 0.10206087485499252 0.0 0.0 0.051484020095131214 0.0 0.0 0.0 0.0 0.0 0.4865257461009095 0.04479864785420341 9.92063492063492E-4 0.0 0.0 0.0 0.0 0.0 0.0 0.0 0.0018338143338143338 0.0 0.006944444444444444 0.002662793512466715 0.0 0.0 0.0 0.0 0.0 0.0 0.0 0.01243085618085618 0.013888888888888888 0.0 0.0 0.0 0.024062049062049062 0.0 0.013407888407888407 0.0 0.0 8.417508417508418E-4 0.016364626658744306 0.0 0.005555555555555556 0.0 3.3068783068783067E-4 0.0 0.0 0.0 0.0 0.0 0.0 0.0 8.417508417508418E-4 0.0 0.001851851851851852 0.0 0.0 0.0 0.0 0.0 0.013888888888888888 0.0 0.0 0.0 0.0 0.008796296296296295 0.0 0.0729353604517003 0.0 0.0 0.0 0.0021399176954732513 0.0 0.0 0.0 0.0 0.0 0.0 0.0 0.0 0.0 0.0 0.007292423142096344 0.017616642616642617 0.0 0.0 0.0 0.0 0.0 0.0 0.0 0.0 0.0 
75: 0.0033818778673237087 0.04436560800557859 0.02497813162268678 0.006588745823357421 0.002288020843103641 8.210180623973726E-5 6.141489402820014E-4 0.006270399578713622 0.012994135609961481 0.0 0.0020171769238502145 0.0032077166275540996 0.0 0.005150874625596739 0.00148848220571483 3.9282887253274925E-4 1.870200597716111E-7 0.03515347400739073 0.004270476785132109 0.010017082516748314 9.771784600285784E-5 0.0063102544880944385 0.0 0.0017451656304385732 0.007892609300117258 0.037050570955233834 0.0018782261044723312 0.008150786554059023 0.0015637807296132805 0.004103903728433719 0.001760344166853765 0.013921448675554962 0.0014326690012838746 5.370461218666217E-4 0.003128590462898013 1.586180686882721E-4 0.0 0.0010729833020141312 1.4405220103908345E-4 0.006494069139440024 0.004307256842865218 0.47402328689229767 0.002967540464461647 0.0 0.0013613117038311078 2.3025909759080758E-4 1.870200597716111E-7 0.017884098976824466 0.0020425637195725954 9.580414261900398E-4 0.005050847269122078 0.013080548275399275 0.004085362054945046 7.548287573488384E-4 0.002612366910385504 0.0030463224430324095 0.021530390746971242 3.506158570568279E-4 0.005420070831231131 0.020518067656943247 0.002109576184805365 0.007531311228666191 0.0028899522198053704 0.0 0.0021790829080482873 0.005732114300223103 0.007720241190930237 0.006574971400653678 0.005749012182661744 0.003942591516217283 0.0011497993274758652 0.0015007685767742269 1.1221203586296705E-6 0.008038274842874034 0.0011497993274758652 6.27333287768446E-4 0.001987902456341436 6.810345866586537E-4 0.004464483055418284 0.006173917259893442 0.009314456231693543 0.00569479756969584 0.010674478942716262 0.008835070618441732 2.877303619586237E-4 0.004621503746225884 0.0035748818780231236 0.0014380907496138035 0.0 3.740401195432222E-7 0.022750745641782026 0.0017477434776677527 0.002034696097268869 0.0030150016139241886 0.005370179420693294 0.0029384895203948772 0.0 0.002521955851550412 0.0 0.0040482431611200695 
76: 0.0 9.854935351624092E-4 0.0 0.0 0.0 0.0 0.0 0.0 0.0 0.0 0.0 0.0 0.0 0.9933906233575108 0.0 0.0 0.0 0.0 0.0 0.0 0.0 0.0 0.0 0.0 0.0 0.0 0.0 0.0 0.0 0.0 0.0 0.0 0.0 0.0 0.0 0.0 0.0 0.0 0.0 0.0 0.0 0.0024834437086092716 0.0 0.0 0.0 0.0 0.0 0.0 0.0 0.0 0.0 0.0 0.0 0.0 0.0 0.0 0.0 0.0 0.0 0.0 0.0 0.0 0.0016556291390728477 0.0 0.0 0.0 0.0 0.0 0.0 0.0 0.0 0.0 0.0 0.0 0.0 0.0 0.0 0.0 0.0 0.0 0.0 0.0 0.0 0.0 0.0 0.0 0.0 0.0 0.0 0.0 0.0014848102596446966 0.0 0.0 0.0 0.0 0.0 0.0 0.0 0.0 0.0 
77: 0.0 1.5527950310559004E-4 0.004097653554175293 0.0014492753623188406 0.0 0.0 0.0 0.005167810831426392 0.002173913043478261 0.0 0.0 0.0 0.0013377926421404684 0.0 0.0 0.0 0.0 0.008377465402637027 0.0 0.0012422360248447203 0.0 0.0 0.0 0.0 0.0 0.012933057280883368 0.004448691405213144 0.005072463768115942 0.0 0.0 0.0 0.0 0.0 0.0 0.0 0.0 0.0 0.0012422360248447203 0.0 0.0 0.0 0.04955829531391518 0.0 0.0 0.002173913043478261 0.0 0.0 0.3379327972347222 0.0 0.0 0.0 0.008327340089353819 0.004347826086956522 0.002898550724637681 0.0 0.0 0.48271857319878586 0.0 0.0 0.006521739130434781 0.002173913043478261 0.011395005960223352 0.0 0.0 0.0 0.0 0.0 0.0 0.0014492753623188406 0.0034782608695652175 0.0 0.0 0.0012422360248447203 0.007915804002760525 0.0 0.002173913043478261 0.0 0.0 0.0 7.246376811594203E-4 0.0 0.0010869565217391304 0.0031400966183574874 0.0 0.0 0.00608695652173913 0.0 0.0 0.0 0.0 0.012909356725146202 0.0 0.0 0.002286843591191417 0.0 0.0 0.0 0.0 0.0 0.0017598343685300208 
78: 0.010416666666666666 0.0 0.0 0.0 0.0 0.0 0.0 0.0 0.0 0.0 0.0 0.0 0.0 0.0 0.0 0.0 0.0 0.010416666666666666 0.0 0.0 0.0 0.0 0.0 0.0078125 0.0 0.0 0.0 0.0 0.0078125 0.0 0.0 0.0 0.0 0.0 0.0 0.0 0.0 0.0 0.0 0.0 0.0 0.0 0.0 0.0 0.0 0.0 0.0 0.0 0.0 0.0 0.0 0.0 0.0 0.0 0.0 0.0 0.010416666666666666 0.0 0.015625 0.0 0.0 0.0 0.0 0.0 0.0 0.0 0.0 0.0 0.0 0.0 0.0 0.0 0.0 0.0 0.0 0.0 0.0 0.0 0.0 0.0 0.0 0.0 0.0 0.0 0.0 0.0 0.0 0.0 0.0 0.0 0.0 0.0 0.0 0.0 0.0 0.9375 0.0 0.0 0.0 0.0 
79: 0.0 0.011515373056686616 0.003946007126798527 0.0026041666666666665 0.003301123448172249 0.0 0.0 0.007817496426275692 0.0011825573043368846 0.0 1.954720125385338E-5 1.8580905644700622E-5 0.0 7.317273500309215E-4 0.0 0.0 0.0 0.01805621374900029 0.0017467403628117913 0.497259430505607 0.002612118320610687 0.0029947916666666664 0.0 3.5166817999464383E-4 4.477384166211321E-6 0.007302768170457326 0.0 0.001519097222222222 0.0 0.0026041666666666665 1.1802749089457666E-4 0.004825977433984346 0.0 2.3854961832061055E-5 1.987913486005089E-6 0.0 0.0 0.0 0.0 0.01444805642164273 0.0 0.20473295730696214 0.007896240446189988 0.0 0.0 1.4589169000933708E-5 0.0 0.007488802812791784 0.0 0.0 0.0020833333333333333 0.028905180308832098 1.5807360329138505E-5 0.0 0.00263415170457496 7.951653944020354E-6 0.006402587460981 0.004366810337366499 0.0026419082125603865 0.006637842059296556 9.820563085285E-5 2.48015873015873E-4 0.0021701388888888886 7.951653944020354E-6 0.002614795918367347 0.03150876343739123 0.038889532872175024 0.001736111111111111 0.002976190476190476 1.9879134860050886E-6 0.0 0.0038281520464419866 0.0 0.0013020833333333333 0.0 0.0 0.0 0.0 1.0629251700680258E-5 5.208333333333333E-4 0.005580100652432304 4.546736792681449E-4 3.851846541982931E-6 6.633139897180244E-6 0.0017963435374149662 0.0 9.014579114088385E-5 0.0 0.0 0.0 0.04002833482868004 7.951653944020356E-6 1.0629251700680266E-5 0.0 0.003255512026239067 1.0212418300653592E-4 0.0013120229007633586 0.0026041666666666665 0.0 0.0 
80: 0.0 0.010663631433780506 0.001273946608946609 4.2666666666666667E-4 0.0 0.0 0.0 2.0E-4 2.0444444444444443E-4 0.0 6.4E-4 0.0 0.0 0.0017290480125639015 4.444444444444444E-5 0.0 0.0 0.0025509990662931836 0.0 0.002561443451964246 0.0 0.0022352044252044252 0.0 0.0 1.0526315789473684E-5 9.981435069154367E-4 0.0 4.280701754385965E-4 0.0 3.6E-4 0.0 5.251499118165784E-4 0.0 0.0 0.0 0.0 0.0 0.0 0.0 0.0023733425304853875 0.0 0.2983778809621592 8.888888888888888E-5 0.0 0.0 0.0 0.0 7.30952380952381E-4 0.0 0.0 6.4E-4 0.0279638236367736 0.0 0.0 2.0E-4 1.5925925925925924E-4 0.0016528571428571425 0.0 5.6E-4 0.0010285714285714284 0.0 0.0 4.357834757834758E-4 0.0 0.0 0.0010747619047619048 6.819047619047619E-4 3.0E-4 3.333333333333333E-5 0.0 0.0 0.0 0.0 2.021164021164021E-4 0.0 0.0 4.0E-4 0.0 1.333333333333333E-4 3.5444444444444445E-4 1.5352380952380953E-4 0.0 0.0012321212121212122 4.4952380952380954E-4 0.0 0.0 1.333333333333333E-4 4.0E-4 0.0 0.0 0.6338977169828676 3.2E-4 0.0 0.0 3.602821869488536E-4 4.0E-4 0.0 0.0 0.0 4.105263157894737E-4 
81: 0.0 0.0 0.005208333333333333 0.0 0.0 0.0 0.0 0.0 0.0 0.0 0.0 0.0 0.0 0.0 0.002976190476190476 0.0 0.0 0.0 0.0 0.0 0.0 0.0 0.0 0.0 0.0 0.0056547619047619055 0.0 0.005208333333333333 0.0 0.0 0.0 0.0 0.0 0.0 0.0 0.0 0.0 0.0 0.0 0.0 0.0 0.004166666666666667 0.0 0.0 0.002976190476190476 0.0 0.0 0.0 0.0 0.0 0.0 0.0 0.0 0.003472222222222222 0.0 0.0 0.0 0.0 0.0 0.0 0.0 0.0 0.0 0.0 0.0 0.0 0.0 0.0 0.003472222222222222 0.0 0.0 0.0 0.0 0.0 0.0 0.0 0.0 0.0 0.003472222222222222 0.0 0.0 0.0 0.0 0.0 0.0 0.0 0.0 0.0 0.0 0.0 0.0 0.0 0.0 0.0 0.0 0.0 0.0 0.002976190476190476 0.0 0.9604166666666667 
82: 0.004830917874396135 0.0 0.005797101449275362 0.0 0.0 0.0 0.0 0.0 0.0 0.0 0.0 0.0 0.0 0.0 0.0 0.0 0.0 0.0 0.0 0.0 0.0 0.0 0.0 0.0 0.0 0.0036231884057971015 0.0 0.0036231884057971015 0.0 0.0 0.0 0.0 0.0 0.0 0.0 0.0 0.0 0.0 0.0 0.0 0.0 0.0 0.0 0.0 0.0 0.0 0.0 0.0 0.0 0.0 0.007246376811594203 0.0 0.0 0.0 0.0 0.0010351966873706003 0.0036231884057971015 0.0 0.0 0.0 0.004830917874396135 0.0 0.0 0.0 0.0 0.0 0.0 0.0 0.0 0.0 0.0 0.0 0.0 0.0 0.0 0.0 0.0 0.0 0.9653899240855763 0.0 0.0 0.0 0.0 0.0 0.0 0.0 0.0 0.0 0.0 0.0 0.0 0.0 0.0 0.0 0.0 0.0 0.0 0.0 0.0 0.0 
83: 0.0 0.0 0.001388888888888889 0.0 0.0 0.0 0.0 0.0 0.0 0.0 0.0 0.0 0.0 0.0 0.0 0.0 0.0 0.009591503267973856 0.0 0.0 0.0 0.0 0.0 0.0 0.0 0.003431372549019608 0.0 0.005555555555555556 0.0 0.0 0.005555555555555556 0.0 0.0 0.0 0.0 0.0 0.0 0.0 0.0 0.0 0.0 0.011977124183006536 0.0 0.0 0.0 0.0 0.0 0.002777777777777778 0.0 0.0 0.0 0.0 0.9414814814814815 0.0 0.0 0.007407407407407407 0.009444444444444445 0.0 0.0 0.001388888888888889 0.0 0.0 0.0 0.0 0.0 0.0 0.0 0.0 0.0 0.0 0.0 0.0 0.0 0.0 0.0 0.0 0.0 0.0 0.0 0.0 0.0 0.0 0.0 0.0 0.0 0.0 0.0 0.0 0.0 0.0 0.0 0.0 0.0 0.0 0.0 0.0 0.0 0.0 0.0 0.0 
84: 0.0 0.0 0.0 0.0 0.0 0.0 0.0 0.0 0.0 0.0 0.0 0.0 0.0 0.0 0.010869565217391304 0.0 0.0 0.0 0.0 0.0 0.0 0.0 0.0 0.0 0.0 0.0 0.0 0.0 0.0 0.0 0.0 0.0 0.0 0.0 0.0 0.0 0.0 0.0 0.0 0.0 0.011956521739130435 0.007246376811594202 0.0 0.0 0.0 0.0 0.0 0.0 0.0 0.0 0.0 0.0 0.0 0.0 0.0 0.0 0.0 0.0 0.9655797101449276 0.0 0.0 0.0 0.0 0.0 0.0 0.0 0.0 0.0 0.0 0.004347826086956522 0.0 0.0 0.0 0.0 0.0 0.0 0.0 0.0 0.0 0.0 0.0 0.0 0.0 0.0 0.0 0.0 0.0 0.0 0.0 0.0 0.0 0.0 0.0 0.0 0.0 0.0 0.0 0.0 0.0 0.0 
85: 0.0125 0.003125 0.056404030910609845 0.00625 0.0 0.0 0.0 0.0 0.00625 0.0 0.0 0.0 0.0 0.015625 0.0 0.0 0.0 0.02124572051042639 0.007142857142857143 0.01875 0.0 0.0 0.0 0.0 0.0020833333333333333 0.03828125 0.47420420946156244 0.00234375 0.00625 0.0 0.0 0.0 0.0 0.0 0.0 0.0 0.0 0.0 0.0 0.0 0.0 0.10807189542483661 0.0 0.0 0.0 0.0 0.0 0.008333333333333333 0.0125 0.0 0.0125 0.008333333333333333 0.0 0.0 0.0 0.0 0.05138888888888889 0.0 0.0 0.02598684210526316 0.0 0.019791666666666666 0.0 0.0 0.015625 0.0 0.0 0.0125 0.0 0.0027777777777777775 0.0 0.003125 0.0 0.0 0.0 0.0 0.0 0.0 0.0 0.0 0.0 0.016666666666666666 0.008333333333333333 0.0 0.0 0.0 0.0 0.0 0.0 0.0 0.008333333333333333 0.0 0.0027777777777777775 0.0125 0.0 0.0 0.0 0.0 0.0 0.0 
86: 0.0 0.026559397920319135 0.0013068490268993785 4.297747980058449E-5 0.0 0.0 0.0 5.075866561711137E-4 0.0 0.0 7.220216606498195E-5 5.157297576070139E-5 0.0 0.004064922831115227 0.0 0.0 0.0 0.002745720985793188 9.025270758122744E-4 0.005489657015429933 6.016847172081828E-4 0.003632725597135606 0.0 1.805054151624549E-4 3.438198384046759E-4 0.0028152582191370333 6.613159704314939E-4 0.0012191278436765802 9.455045556128587E-5 0.004071989806753026 0.0 0.006522885929341652 9.025270758122744E-4 0.0 4.512635379061372E-4 1.504211793020457E-4 0.0 0.0 0.0 0.002727648728657435 0.0 0.04977328638710522 0.0 0.0 4.512635379061372E-4 0.0 0.0 0.001368832731648616 0.0 0.0 4.0112314480545525E-5 0.519106431302656 5.157297576070139E-5 0.0 0.0 4.512635379061372E-4 0.0031501738702954746 0.0 0.0 0.0018200962695547533 1.8787298312826937E-4 1.6331442324222107E-4 0.0022212517916153727 0.0 0.0 0.002282126739908339 0.0026173285198555956 0.0 9.025270758122745E-5 0.0 0.0 0.0 0.0 0.001012327604851187 0.0 0.0 0.0013323018738181194 0.0 4.070220145820061E-5 3.0084235860409144E-5 0.008291392369222057 8.273164861612514E-4 3.0614291444616356E-4 0.005623846317199471 0.0 0.0 0.0 0.0015042117930204571 0.0 0.0 0.32468906955078436 0.0 0.0 0.0 0.006353735657315868 0.0 0.0 4.297747980058449E-5 0.0 5.157297576070139E-5 
87: 0.002173913043478261 0.002173913043478261 0.03399303164054718 0.020942028985507247 0.0 0.0 0.0 0.0017391304347826088 0.03236375218983915 0.0 0.0 0.002898550724637681 0.0 0.0 0.00936335403726708 0.0 0.0 0.020973084886128368 8.695652173913044E-4 3.6231884057971015E-4 0.0 0.0 0.0 0.002173913043478261 0.0416022045587263 0.08350269698095783 0.0 0.03812436959176089 0.004400780379041248 0.0 0.012753623188405798 0.0 0.0 0.002173913043478261 0.0 0.0 0.0 7.246376811594203E-4 0.0 0.0 6.211180124223602E-4 0.02147053889289914 0.0 0.0 0.0010559006211180125 0.0 0.0 0.006811594202898551 0.0 0.0 0.02795031055900621 0.0024844720496894407 0.0 2.898550724637681E-4 0.002173913043478261 0.004190821256038648 0.016956521739130436 0.0010869565217391304 0.01463768115942029 0.007072463768115941 0.004347826086956522 0.0 0.0 0.0 0.0 0.0 0.0 0.011284584980237154 0.03748832085788608 0.005923913043478261 0.0 0.0 0.0 0.002173913043478261 0.0 0.0 0.002173913043478261 0.0 0.033302277432712205 0.3840081633342505 0.0 0.0 0.07167802608019999 0.0 0.002173913043478261 0.0 0.006876663708961846 0.0 0.0 0.0 0.0042443064182194614 0.0 0.0010869565217391304 0.007246376811594202 0.0 0.0012422360248447203 0.0 0.0017391304347826088 0.0 0.002898550724637681 
88: 0.0 0.0 0.0 0.0 0.0 0.0 0.0 0.0 0.0 0.0 0.0 0.0 0.0 0.0 0.9736842105263158 0.0 0.0 0.0 0.0 0.0 0.0 0.0 0.0 0.0 0.0 0.0 0.0 0.0 0.0 0.0 0.0 0.0 0.0 0.0 0.0 0.0 0.0 0.0 0.0 0.0 0.0 0.0 0.0 0.0 0.0 0.0 0.0 0.0 0.0 0.0 0.0 0.0 0.0 0.0 0.0 0.0 0.0 0.0 0.0 0.0 0.0 0.0 0.0 0.0 0.0 0.0 0.0 0.0 0.0 0.0 0.0 0.0 0.0 0.0 0.0 0.0 0.0 0.0 0.02631578947368421 0.0 0.0 0.0 0.0 0.0 0.0 0.0 0.0 0.0 0.0 0.0 0.0 0.0 0.0 0.0 0.0 0.0 0.0 0.0 0.0 0.0 
89: 0.005050505050505051 0.0 0.0030303030303030303 8.197921241399503E-4 0.0 0.0 0.0 0.0 0.004018445322793149 0.0 0.0 0.007575757575757576 0.0 0.0 1.4639145073927682E-4 0.0 0.0 0.004377104377104377 0.0 0.0 0.0 0.0 0.0 0.0 0.0 0.009785142393838047 0.0 0.8870350946767284 0.0 0.0 0.005050505050505051 0.0 0.0 0.0 0.0 0.0 0.0 0.0 0.0 0.0 0.0025252525252525255 0.012619703528794438 0.0 0.0 0.0 0.0 0.0 0.0 0.0 0.0 0.003385302298345776 0.0 0.0 0.0 0.0 1.4639145073927682E-4 5.05050505050505E-4 0.0 0.005196896501244327 0.0015151515151515152 0.005050505050505051 0.0 0.0 0.0 0.0 0.0 0.0 6.734006734006734E-4 0.0024934024934024934 0.0035133948177426435 0.0 0.0 0.0 0.0 0.0 0.0 0.0 0.0 0.013143512418874738 0.008267457180500657 0.0 0.0 0.00953008344312692 0.0 0.0 0.0 0.00202020202020202 0.0 0.0 0.0 0.0025252525252525255 0.0 0.0 0.0 0.0 0.0 0.0 0.0 0.0 0.0 
90: 0.0 0.024833398033126293 6.038647342995169E-4 0.0 0.0 0.0 0.0 0.0 0.0 0.0 0.0 0.0018115942028985505 0.0 0.0015851449275362318 0.0 0.0 0.0 0.0 0.0 0.04210081057227796 0.0 0.12324663561076603 0.0 0.0 6.038647342995169E-4 0.00384963768115942 0.0 0.0 0.0 0.0018115942028985505 0.0 0.0018115942028985505 0.0 0.0 0.0 0.002717391304347826 0.0 0.0 0.0 0.516735248447205 0.0 0.01925536579096504 0.0 0.0 0.0 0.0 0.0 0.005434782608695652 0.0 0.0 0.0 0.1525376851382326 0.0 0.0 0.0 0.0 0.0018115942028985505 0.0 0.0 0.004528985507246376 0.002717391304347826 0.0 9.057971014492753E-4 0.0 0.0 0.01358695652173913 0.005574136008918617 0.0 0.0 0.0 0.0 0.0 0.0 0.002717391304347826 0.0 0.0 0.0010869565217391304 0.0 0.0 0.0024154589371980675 0.012681159420289854 0.001358695652173913 0.0020380434782608695 0.004257246376811594 0.0 0.0 0.0 0.0 0.0 0.0 0.04447577836952287 0.0 0.0 0.0 9.057971014492753E-4 0.0 0.0 0.0 0.0 0.0 
91: 0.0 0.0 0.0 0.0 0.9110433604336042 0.0 0.0 0.003048780487804878 0.0 0.0 0.0 0.0 0.0 0.0 0.0 0.0 0.0 0.0 0.0 0.0059589800443458985 0.0 0.0 0.0 0.0 0.0 0.003048780487804878 0.0 0.0 0.0 0.0 0.0 0.0 0.0 0.0 0.0 0.0 0.0 0.0 0.001524390243902439 0.0 0.0 0.016940748952944073 0.0 0.0 0.0 0.0 0.0 0.012195121951219513 0.0 0.0 0.0 0.0 0.0 0.0 0.0 0.0 0.0 0.0 0.0 0.0 0.0 0.0 0.0 0.0 0.0 0.0 0.012195121951219513 0.0 0.0 0.0 0.0 0.025914634146341462 0.0 0.0 0.0 0.0 0.0 0.0 0.0 0.0 0.0 0.0 0.0 0.0 0.0 0.0 0.0 0.0 0.0 0.0 0.008130081300813007 0.0 0.0 0.0 0.0 0.0 0.0 0.0 0.0 0.0 
92: 0.0 0.0 0.0 0.0 0.0 0.0 0.0 0.0 0.0 0.0 0.0 0.0 0.0 0.0 0.0 0.0 0.0 0.0 0.0 0.0 0.0 0.0 0.0 0.0 0.0 0.0 0.0 0.0 0.0 0.0 0.0 0.0 0.0 0.0 0.0 0.0 0.0 0.0 0.0 0.0 0.0 0.0 0.0 0.0 0.0 0.0 0.0 0.0 0.0 0.0 0.0 0.0 0.0 0.0 0.0 0.0 0.0 0.0 0.0 0.02564102564102564 0.0 0.0 0.0 0.0 0.0 0.0 0.0 0.0 0.0 0.0 0.0 0.9743589743589743 0.0 0.0 0.0 0.0 0.0 0.0 0.0 0.0 0.0 0.0 0.0 0.0 0.0 0.0 0.0 0.0 0.0 0.0 0.0 0.0 0.0 0.0 0.0 0.0 0.0 0.0 0.0 0.0 
93: 0.0 0.0 0.0 0.0 0.0 0.0 0.0 0.009615384615384616 0.0 0.0 0.0 0.0 0.0 0.0 0.0 0.0 0.0 0.0 0.0 0.0 0.0 0.0 0.0 0.0 0.0 0.0 0.0 0.0 0.0 0.0 0.0 0.0 0.9615384615384616 0.0 0.0 0.0 0.0 0.0 0.0 0.0 0.0 0.0 0.0 0.0 0.0 0.0 0.0 0.0 0.0 0.0 0.0 0.0 0.0 0.0 0.0 0.0 0.0 0.0 0.0 0.0 0.0 0.0 0.0 0.0 0.0 0.0 0.0 0.0 0.0 0.0 0.0 0.0 0.0 0.0 0.0 0.0 0.0 0.019230769230769232 0.0 0.0 0.0 0.0 0.0 0.0 0.0 0.0 0.0 0.0 0.0 0.0 0.0 0.0 0.0 0.0 0.009615384615384616 0.0 0.0 0.0 0.0 0.0 
94: 0.0 0.0 0.0 0.0 0.0 0.0 0.0 0.0 0.0 0.9615384615384616 0.0 0.0 0.0 0.0 0.0 0.0 0.0 0.0 0.0 0.0 0.0 0.0 0.0 0.0 0.0 0.0 0.0 0.0 0.0 0.0 0.0 0.0 0.0 0.0 0.0 0.0 0.0 0.038461538461538464 0.0 0.0 0.0 0.0 0.0 0.0 0.0 0.0 0.0 0.0 0.0 0.0 0.0 0.0 0.0 0.0 0.0 0.0 0.0 0.0 0.0 0.0 0.0 0.0 0.0 0.0 0.0 0.0 0.0 0.0 0.0 0.0 0.0 0.0 0.0 0.0 0.0 0.0 0.0 0.0 0.0 0.0 0.0 0.0 0.0 0.0 0.0 0.0 0.0 0.0 0.0 0.0 0.0 0.0 0.0 0.0 0.0 0.0 0.0 0.0 0.0 0.0 
95: 0.0 0.0 0.0 0.0 0.0 0.0 0.0 0.0 0.0 0.0 0.0 0.0 0.0 0.0 0.0 0.0 0.0 0.009615384615384616 0.0 0.0 0.0 0.0 0.0 0.0 0.0 0.006993006993006993 0.0 0.0 0.0 0.0 0.9711538461538461 0.0 0.0 0.0 0.0 0.0 0.0 0.0 0.0 0.0 0.0 0.0 0.0 0.0 0.0 0.0 0.0 0.0 0.0 0.0 0.0 0.0 0.0 0.0 0.0 0.0 0.0 0.0 0.0 0.0 0.0 0.0 0.0 0.0 0.0 0.0 0.0 0.0 0.0 0.0 0.0 0.0 0.0 0.0 0.0 0.0 0.0 0.0 0.0 0.0 0.0 0.0 0.012237762237762238 0.0 0.0 0.0 0.0 0.0 0.0 0.0 0.0 0.0 0.0 0.0 0.0 0.0 0.0 0.0 0.0 0.0 
96: 0.0 0.0 0.006382978723404255 0.0 0.0 0.0 0.0 0.0 0.0 0.0 0.0 0.0 0.0 0.0 0.0 0.0 0.0 0.00425531914893617 0.0 0.0 0.0 0.0 0.0 0.0 0.0 0.0 0.0 0.0 0.005319148936170213 0.0 0.0 0.0 0.0 0.0 0.0 0.0 0.0 0.0 0.0 0.0 0.0 0.008865248226950354 0.0 0.0 0.0035460992907801418 0.0 0.0 0.0 0.0 0.0 0.0 0.0 0.0 0.0 0.0 0.005319148936170213 0.0035460992907801418 0.0 0.0 0.0 0.9521276595744681 0.0 0.0 0.0 0.0 0.0 0.0 0.0 0.0 0.0 0.0 0.0 0.0 0.0 0.0 0.0 0.0 0.0 0.0 0.0 0.0 0.0 0.0 0.0 0.0 0.0 0.0 0.0 0.0 0.0 0.0 0.0 0.0 0.0 0.0 0.0 0.0 0.0 0.0 0.010638297872340425 
97: 0.0 0.0 0.032551440329218105 0.0 0.0 0.0 0.0 0.0 0.005776014109347443 0.0 0.0 0.0 0.0 0.0 0.0 0.0 0.0 0.008580246913580246 9.25925925925926E-4 0.0 0.0 0.0 0.0 0.0 0.004178537511870846 0.01952512991728678 0.0 0.009876543209876543 0.0024691358024691358 0.0 0.0 0.003703703703703704 0.0 0.0 0.0 0.003703703703703704 0.0 0.0 0.0 0.0 0.0 0.013234296567629901 0.0 0.0 0.0024691358024691358 0.0 0.0 4.938271604938272E-4 0.0 0.0 0.0024691358024691358 0.0 0.0024691358024691358 0.0 0.0 0.0 0.00205761316872428 0.0 0.003703703703703704 0.003703703703703704 0.006172839506172839 0.0 0.0 0.0 0.0 0.0 0.0 0.003703703703703704 0.003703703703703704 0.0014814814814814816 0.0 0.0024691358024691358 0.0 0.0 0.0 0.0 0.0 0.0 0.006172839506172839 0.001469723691945914 0.0 0.0 0.8444700313000965 0.0 0.0 0.0 0.0 0.0 0.0 0.0 0.0 0.0 0.0 0.0 0.0 0.001058201058201058 0.0 0.003703703703703704 0.0 0.003703703703703704 
98: 0.0018817764804003336 0.004638636976109295 0.07148049465260051 0.00533211373234309 3.27653997378768E-4 0.0 0.0 0.013828920824333667 0.018289315690903116 0.0 7.645259938837921E-4 0.0035446205170975814 0.0 0.001155890490752876 2.525252525252525E-4 0.0013232180663373322 0.0 0.03461118384696239 0.004431520314547838 0.00908986865206509 0.0017966360856269115 0.0034403669724770644 0.0 0.0 0.022346129601629225 0.4783883543573884 2.5184385680877857E-4 0.01675830970008485 0.0021224028602266597 0.0011467889908256881 0.004236748216106014 0.002663098878695209 0.0016928789864569683 9.556574923547399E-4 0.0015290519877675841 9.174311926605505E-4 0.0 0.0 0.0 7.645259938837921E-4 0.0020354248497799496 0.10228971758538051 0.0 0.0 0.004156075830387756 0.0 0.0 0.011105470264144162 3.27653997378768E-4 0.0 0.007879396024464832 0.005784580139812375 0.002119822073950514 0.0 0.003312945973496432 3.475118154017236E-5 0.025078644748395315 0.0016055045871559632 0.0020068807339449542 0.012476166063254569 0.007845128877238969 0.001149601040458364 7.645259938837921E-4 0.0 0.0022935779816513763 0.001000629609642022 0.003090869375273045 0.007450393395241518 0.009274868407404449 0.002664009028687928 0.0 0.002484709480122324 7.645259938837921E-4 0.0038915213227139834 0.0011467889908256881 1.63826998689384E-4 0.002484709480122324 0.0 0.008591090357145403 0.005117845025138217 0.0 0.001666070932125978 0.020302121792343135 0.0 0.0 0.0 0.006101438698915763 0.0 0.0 0.0 0.008893259163108787 1.63826998689384E-4 0.0 5.570117955439057E-4 0.0068955997281685355 0.0011467889908256881 0.0 0.0020021024464831803 0.0 0.001917633381353148 
99: 0.0 0.02923544386959021 0.00575880758807588 0.0 0.0 0.0 0.0 0.0 0.0010162601626016261 0.0 0.0 0.0 0.0 0.009146341463414632 0.0 0.0 0.0 0.0040650406504065045 0.025914634146341462 0.0074074074074074086 0.0 0.015389082462253194 0.0 0.0 0.0 4.2344173441734425E-4 0.0 0.0010162601626016261 0.0 0.006775067750677506 0.0 0.0925940590574737 0.0 0.0 0.0 0.0 0.0 0.0 0.0 0.006775067750677506 0.0 0.07918138019764036 0.0 0.0 0.0011856368563685638 0.0 0.0 0.0029084397986837013 0.0 0.0 0.0 0.10008057063293792 0.0 0.0 0.0 0.0040650406504065045 0.0019357336430507164 0.0 0.0 0.0 0.0 0.0 0.4795955286808945 0.0 0.0 0.008333333333333333 0.006775067750677506 0.0 1.6937669376693767E-4 0.0027100271002710027 0.0 0.0 0.0 0.0 0.0 0.0 0.0 0.0 0.0 0.0 0.042682926829268296 0.0 0.0010162601626016261 0.006097560975609756 0.0 0.0 0.0027100271002710027 0.0020325203252032522 0.0 0.0 0.03256384758058598 0.0 0.0 0.0 0.018813791222327805 0.0 0.0 0.0 0.0 0.0016260162601626016 
